1000
40 256
115 370
21 5
166 363
365 371
320 247
454 297
347 376
246 381
251 428
137 481
93 329
184 272
241 55
215 423
477 137
114 63
353 377
73 186
467 62
205 499
477 306
274 166
427 121
455 492
172 438
40 56
174 126
107 201
22 73
397 49
8 452
461 268
336 34
385 310
210 408
416 427
156 174
297 169
323 95
404 315
154 400
215 446
361 357
378 154
183 147
18 181
423 301
419 268
396 60
123 174
141 106
404 185
268 229
250 477
279 131
79 78
323 349
447 326
231 115
219 21
197 69
98 188
40 192
491 495
336 434
232 94
391 276
253 130
334 175
51 132
304 356
436 288
274 498
65 355
381 308
184 1
364 251
322 58
330 433
431 257
251 242
276 308
85 107
478 319
124 496
208 137
309 267
177 366
257 124
272 148
46 465
470 456
254 426
324 123
18 14
127 58
136 112
161 234
499 466
323 227
325 283
496 115
174 305
162 63
378 37
290 386
78 462
137 479
418 139
184 299
410 11
48 425
191 63
283 219
187 285
248 476
320 275
101 385
449 148
272 376
361 269
302 101
332 128
287 368
67 243
337 113
426 262
113 87
82 304
116 191
341 489
126 235
432 109
295 72
136 259
160 210
91 194
396 320
5 106
272 367
23 199
116 331
70 241
53 488
328 358
225 295
494 59
344 78
447 38
177 83
461 456
84 256
409 447
484 425
354 43
305 169
291 141
302 42
37 340
476 190
65 116
98 406
404 254
218 345
496 252
209 151
40 253
301 366
243 427
382 168
70 255
209 55
474 316
485 189
474 64
224 460
86 132
283 479
23 51
133 89
169 288
363 291
406 271
197 228
152 496
444 39
391 132
456 364
261 121
464 85
121 30
76 422
341 152
481 181
49 356
113 381
406 325
390 93
72 35
125 218
486 94
77 24
259 402
2 147
243 336
3 88
460 182
24 454
18 147
408 419
348 376
413 487
31 425
232 388
120 479
405 105
96 34
72 361
106 497
439 12
294 383
353 127
171 274
352 179
440 443
240 259
109 231
45 30
470 31
263 235
20 29
82 459
294 358
81 387
315 18
475 312
18 365
415 304
172 58
466 94
470 44
376 424
465 282
137 78
107 105
234 62
467 193
114 126
90 135
210 287
389 482
6 478
55 108
424 338
212 233
252 435
255 438
252 330
245 108
179 181
489 387
103 55
393 397
159 385
154 300
184 113
470 322
282 240
155 183
184 329
80 447
450 335
159 377
420 22
317 494
377 214
27 294
407 463
349 208
35 181
187 424
151 491
453 164
242 400
118 28
388 478
462 344
185 500
148 321
109 459
107 321
54 495
383 237
414 338
168 56
469 498
490 488
457 471
299 396
478 453
325 280
137 415
469 292
93 219
87 387
105 300
176 204
2 197
416 2
169 289
325 22
406 433
174 357
103 225
500 271
313 177
47 34
239 265
441 348
319 280
189 418
24 402
425 398
299 303
157 25
278 416
230 322
29 131
80 179
55 36
127 190
332 169
191 141
135 274
483 144
363 344
96 215
455 375
170 177
312 494
469 161
145 103
400 409
266 95
103 117
118 73
249 357
315 283
265 276
217 337
11 73
28 343
401 452
389 147
459 490
430 473
254 400
188 362
365 232
205 189
305 414
102 212
293 348
152 280
171 165
200 192
377 450
346 201
272 247
468 370
203 63
183 137
171 70
409 403
1 215
49 428
465 238
368 50
284 188
246 290
442 272
272 369
97 233
281 367
300 113
376 386
466 17
449 476
214 91
277 197
276 469
277 306
173 259
182 483
113 492
87 480
77 353
66 100
135 95
125 284
128 84
76 428
392 285
34 202
243 166
389 174
496 262
45 16
283 147
160 164
213 91
189 101
144 354
481 439
451 310
437 216
437 495
363 267
108 337
7 319
222 241
187 253
89 30
450 2
10 496
224 288
499 453
17 116
493 357
227 151
23 380
160 427
312 299
9 312
9 487
343 278
124 118
376 389
237 492
357 81
226 366
244 292
453 404
192 38
101 499
378 310
266 399
82 76
469 201
307 342
220 55
32 491
144 168
69 6
36 206
342 149
192 385
1 403
395 136
159 246
430 297
459 154
212 223
40 480
328 314
23 302
474 68
189 236
220 161
476 136
406 170
149 396
164 407
485 310
55 422
448 225
305 241
482 251
378 423
447 392
132 433
178 279
163 127
459 74
125 357
316 494
157 492
131 189
111 441
468 487
357 356
433 51
196 245
13 298
490 227
414 259
226 388
232 246
118 231
430 37
13 370
87 328
425 325
10 312
258 472
131 113
283 497
403 380
488 462
135 27
108 225
277 266
175 106
316 427
150 394
318 319
444 47
6 421
362 475
331 283
439 494
124 234
282 125
270 3
204 227
74 348
170 291
244 84
229 46
198 212
116 114
431 228
431 42
494 314
321 53
292 441
130 113
159 115
306 167
182 469
189 264
406 195
238 500
360 165
500 179
219 24
226 237
86 92
355 100
171 173
458 137
322 202
487 292
318 161
193 371
340 419
252 62
223 51
269 476
404 391
64 168
107 181
198 261
15 259
173 116
104 254
323 131
294 314
296 160
69 419
422 302
137 201
88 163
65 301
249 215
89 242
327 142
364 493
28 323
320 352
471 240
428 219
372 76
12 184
25 30
159 386
60 39
420 277
55 133
303 212
360 140
407 224
70 500
392 53
129 21
337 189
463 239
93 402
266 456
475 180
451 46
409 205
348 497
415 98
378 166
421 59
327 89
495 14
238 128
226 388
324 201
313 476
225 197
296 276
45 130
390 114
53 288
18 193
326 70
55 156
144 306
190 92
324 493
49 216
146 373
118 263
157 369
152 76
440 145
105 497
232 139
314 452
498 375
28 356
417 164
201 401
365 231
303 276
11 256
245 492
283 304
390 30
79 13
296 69
465 440
144 284
350 119
267 280
276 368
411 379
311 63
374 101
284 386
337 154
211 237
390 189
450 462
481 335
117 128
286 37
5 188
252 93
375 137
169 433
22 127
115 239
459 216
134 404
310 5
119 4
259 367
364 203
389 95
493 490
231 109
381 227
350 42
358 74
115 185
5 487
380 327
370 201
108 369
54 127
436 390
29 274
462 342
284 215
90 450
400 371
250 144
348 207
299 422
110 466
323 227
251 91
178 80
309 282
47 57
345 448
195 42
327 235
78 305
431 413
152 215
160 372
47 22
333 459
144 13
325 204
24 424
192 492
69 191
2 158
495 174
122 37
5 43
255 454
364 47
52 105
414 316
109 417
328 75
28 2
277 362
412 317
155 479
281 206
416 108
114 494
209 223
333 142
77 286
221 39
82 389
260 64
287 64
16 6
389 249
121 327
95 313
335 23
450 334
446 349
25 225
264 205
227 167
429 329
154 284
453 21
317 396
252 293
81 145
203 223
325 173
344 79
64 56
406 154
392 395
19 46
274 402
335 388
5 226
429 121
185 292
230 174
102 9
87 384
365 400
480 339
475 355
146 445
404 267
306 420
439 348
433 413
494 219
466 248
95 195
311 481
215 292
447 401
136 301
12 112
48 331
48 391
318 366
237 23
267 450
458 34
120 242
181 267
86 492
194 336
430 83
475 172
48 359
68 7
292 294
30 328
10 336
126 383
55 256
185 201
149 473
153 369
328 376
122 114
44 249
452 124
159 463
118 255
129 396
418 379
299 164
277 481
165 350
488 14
344 391
302 288
102 88
27 338
199 316
350 304
201 461
183 112
290 332
287 304
156 131
440 240
114 469
131 28
297 175
44 320
287 80
495 339
475 396
1 77
131 210
213 149
316 374
77 229
149 191
5 359
231 231
340 406
316 130
464 376
152 244
489 237
297 191
359 260
221 5
201 393
15 100
200 15
255 251
159 61
272 146
302 115
386 75
432 335
243 294
184 89
404 224
313 4
86 166
24 225
481 182
148 31
432 187
482 467
364 270
296 182
44 225
75 97
125 494
234 490
483 283
12 493
411 455
494 220
14 372
103 388
447 495
308 106
18 200
99 273
144 162
385 155
486 250
96 221
65 108
163 254
301 69
382 96
292 460
127 148
3 291
370 230
400 26
27 468
369 63
230 469
129 82
468 28
409 483
84 102
108 191
150 449
78 263
417 369
218 117
17 291
309 18
90 216
200 141
392 82
240 166
232 170
411 135
37 245
204 267
254 149
110 83
32 475
283 448
308 313
166 342
414 298
162 170
26 363
35 110
93 307
495 326
189 277
217 270
399 206
420 5
235 311
14 106
477 75
159 457
462 13
351 23
382 80
389 379
237 366
351 362
239 249
87 69
299 132
50 161
437 213
473 491
33 408
368 452
246 500
147 170
339 424
176 224
125 454
28 161
160 60
416 244
468 374
327 54
444 372
331 394
294 246
88 292
443 253
53 491
254 23
165 411
217 238
196 384
206 224
152 431
52 108
68 25
26 216
302 211
154 208
225 235
355 127
273 164
28 340
427 249
408 372
471 56
60 76
341 329
335 468
373 169
140 260
298 299
122 311