10000
318 54
103 418
461 180
449 129
63 154
46 209
310 53
270 279
127 198
293 498
425 143
369 104
292 84
451 363
203 61
121 278
99 276
394 365
492 260
228 42
335 117
422 487
108 110
122 100
141 262
404 322
412 447
427 442
113 5
421 153
176 435
108 60
289 50
169 29
326 291
485 461
351 483
39 473
193 71
489 69
498 319
297 317
118 332
465 26
156 17
291 420
344 174
329 443
488 270
453 238
475 117
301 338
168 39
401 133
341 427
431 108
91 142
17 139
72 164
166 175
267 432
318 367
43 104
35 391
333 211
118 107
135 207
366 198
495 144
261 101
489 140
474 199
350 487
57 235
310 311
409 420
271 268
202 432
34 86
312 187
245 3
267 16
51 50
225 182
194 491
405 496
491 339
385 37
48 238
296 205
95 174
155 95
327 336
224 418
84 483
177 479
422 232
271 330
262 308
234 311
326 51
205 249
175 432
309 296
187 397
148 107
386 421
458 97
277 9
203 173
43 493
479 2
138 484
168 91
386 184
464 163
423 124
107 489
490 233
251 456
83 41
17 295
236 98
435 191
211 431
20 157
28 200
317 365
303 56
435 404
7 234
116 270
357 293
88 499
3 404
70 446
198 268
358 161
401 21
401 458
189 442
113 150
356 313
16 190
62 105
254 11
63 202
265 378
128 336
465 352
201 67
450 494
75 170
261 78
371 392
126 260
165 221
183 245
147 47
34 142
464 224
349 7
387 302
262 95
212 436
128 456
101 11
123 492
317 93
85 314
62 333
488 27
49 429
475 232
225 483
493 241
253 312
423 75
357 139
80 113
391 149
179 281
159 221
384 151
353 18
396 386
480 222
422 191
459 284
217 414
419 428
94 347
83 95
212 27
461 47
475 366
191 115
306 250
209 229
60 451
382 427
9 469
419 344
158 385
261 445
90 323
332 98
130 79
102 412
486 411
300 490
106 259
111 490
59 27
142 15
167 355
361 182
122 200
213 490
191 491
100 422
100 320
172 331
373 289
427 92
463 100
419 227
498 170
294 464
296 411
94 17
340 288
389 43
424 292
447 472
219 277
208 133
58 476
60 366
489 454
354 188
174 136
331 461
157 336
483 298
37 446
80 453
364 82
291 484
408 341
65 191
172 208
81 326
5 338
395 197
68 145
74 408
165 404
454 493
111 98
146 244
313 247
364 187
152 468
341 171
439 387
116 275
441 345
333 201
394 486
384 468
445 204
176 268
369 100
16 200
113 108
409 394
37 94
350 427
479 236
41 249
179 73
390 129
52 11
145 278
81 36
236 199
398 468
188 126
421 376
391 303
33 183
362 473
336 105
238 337
105 335
383 199
116 244
23 302
180 121
163 186
336 341
120 92
237 77
191 114
42 186
123 88
17 55
401 470
103 115
488 460
392 278
259 64
468 442
178 2
246 233
198 317
210 37
242 167
381 186
279 278
440 438
362 465
236 422
25 386
221 462
113 473
186 317
331 344
79 363
385 211
397 350
124 73
237 60
129 260
104 352
366 161
225 30
82 20
229 221
219 288
14 17
366 444
396 287
58 359
453 241
306 401
369 476
191 252
383 95
277 300
259 133
242 163
493 78
316 188
76 314
230 26
403 378
2 341
474 62
254 143
344 304
126 108
238 260
479 425
401 477
107 442
228 129
386 160
468 408
498 251
196 243
126 463
222 289
313 353
29 317
295 260
425 313
499 262
236 61
274 72
476 66
148 475
320 278
382 212
12 39
498 463
320 171
277 376
420 53
268 338
277 181
230 43
144 296
12 299
57 194
105 453
258 284
254 105
449 171
234 150
491 390
128 263
183 34
358 433
126 487
139 333
333 369
50 240
256 78
267 403
283 69
482 486
149 6
338 266
198 195
60 6
217 251
368 297
102 60
430 210
97 406
81 287
16 163
41 285
449 430
66 277
42 102
463 292
398 162
157 49
432 249
249 242
275 361
359 213
379 353
211 434
497 43
58 193
387 239
113 117
198 473
469 450
5 277
234 411
11 194
20 15
46 361
4 324
43 339
206 423
335 18
235 331
229 120
167 397
461 490
444 218
68 329
334 294
500 314
38 425
23 33
339 193
222 26
499 109
108 22
360 272
37 361
398 131
215 247
290 332
313 320
119 352
121 448
448 365
383 254
208 46
364 423
78 317
411 359
45 183
373 401
80 347
487 336
343 127
490 91
273 105
129 117
369 478
352 451
444 228
457 283
384 434
266 300
282 318
474 496
415 349
372 187
437 5
390 235
190 330
376 159
129 81
356 51
393 80
9 367
44 87
409 77
344 373
473 443
285 89
278 424
302 237
491 259
368 91
300 238
161 151
382 289
102 153
95 121
220 252
194 411
86 120
356 207
332 263
207 422
112 248
147 334
7 248
470 263
387 370
241 62
308 182
247 123
251 168
490 404
201 169
17 312
313 186
35 225
365 150
124 279
487 493
12 260
194 346
420 121
320 45
336 23
259 177
133 313
289 446
180 122
7 209
82 204
402 115
400 161
338 331
232 13
271 253
416 137
33 450
349 46
161 495
137 267
240 263
394 302
150 21
353 215
379 416
249 351
386 130
108 316
352 44
74 283
313 157
424 203
463 41
114 82
250 495
309 341
107 317
238 182
112 202
171 31
351 341
391 381
363 57
32 39
351 385
418 254
466 414
281 408
380 250
465 217
213 129
253 86
20 284
291 210
252 233
293 434
433 308
184 277
138 372
347 362
494 451
174 406
395 353
124 132
356 444
234 335
156 240
99 283
112 225
424 58
188 390
40 370
422 282
433 201
26 7
166 436
344 371
310 98
234 366
183 412
240 200
314 362
123 337
384 229
225 355
231 171
415 477
128 320
238 449
318 70
222 59
272 376
381 315
486 62
201 125
485 355
238 230
131 331
61 417
467 29
423 267
307 144
13 287
181 52
116 191
298 174
353 108
53 163
400 256
384 463
201 487
24 397
41 218
190 141
334 119
47 221
362 320
124 486
427 230
100 286
136 155
463 59
374 246
3 10
371 491
328 29
153 472
40 317
47 360
17 330
370 44
466 25
267 49
482 137
276 489
255 100
229 277
452 247
129 255
353 220
380 425
73 208
82 265
259 213
439 91
244 483
320 370
304 251
27 241
337 385
494 173
171 156
240 32
210 447
125 269
142 28
279 302
494 1
234 32
499 309
20 396
48 393
107 97
293 445
33 385
233 128
29 303
171 369
111 274
151 168
26 100
349 349
66 339
377 295
125 106
20 360
135 48
409 100
209 15
337 447
244 159
421 305
347 190
342 200
473 285
289 282
339 208
402 383
365 172
371 105
13 156
390 368
100 84
370 364
167 215
203 399
234 56
259 89
230 290
178 195
296 477
343 485
171 3
235 346
473 303
106 352
113 242
474 22
212 342
229 251
197 455
74 40
288 285
239 239
429 439
265 439
113 281
121 359
357 441
437 472
314 177
393 328
397 281
223 207
452 351
343 8
441 17
408 327
4 293
390 44
478 269
455 97
166 209
353 153
195 78
153 351
53 237
267 111
81 409
242 254
175 134
58 80
469 32
145 289
472 453
25 18
428 65
298 210
145 418
385 225
251 385
430 150
374 199
473 338
161 399
178 452
108 405
58 302
31 355
92 367
265 95
392 441
384 244
160 93
167 138
44 239
363 329
462 408
189 192
334 94
138 263
272 473
207 113
105 209
241 465
138 167
492 203
145 354
211 167
262 461
200 397
276 191
433 270
352 156
346 161
385 248
83 493
355 104
286 6
24 36
329 292
75 254
423 125
469 261
29 224
59 352
137 15
420 47
461 45
152 58
492 2
455 165
333 346
333 339
105 415
295 248
198 39
452 347
90 108
201 61
135 180
5 339
61 93
119 90
440 343
237 156
32 187
363 495
380 314
140 308
229 469
336 195
250 305
26 332
310 64
381 450
221 61
193 398
117 500
94 470
213 146
206 173
19 297
38 212
180 254
59 394
71 287
182 486
434 103
414 369
59 289
404 115
249 459
205 485
21 377
13 6
347 79
31 280
181 70
483 226
415 50
396 283
415 497
308 228
121 27
259 59
448 186
415 17
65 410
480 494
60 453
212 240
311 395
335 357
33 397
483 360
124 475
93 301
285 31
100 62
108 206
100 26
72 273
48 452
224 29
276 24
46 164
159 182
310 261
15 48
479 308
442 149
464 70
358 56
288 427
92 87
480 384
496 367
129 286
348 434
85 125
154 428
84 174
32 57
119 86
279 231
352 313
437 16
317 134
57 407
89 28
434 409
122 96
199 409
369 377
415 175
38 79
500 223
41 256
356 315
297 116
379 311
253 107
347 141
480 300
417 11
173 66
243 288
111 234
206 372
193 182
431 453
428 475
282 7
289 214
288 386
181 152
176 75
464 306
498 204
407 316
241 395
428 392
466 134
180 100
348 247
480 305
69 223
192 344
198 252
12 364
54 245
199 444
16 296
231 2
262 36
276 217
230 21
390 20
476 197
356 349
442 350
39 240
22 186
252 84
331 462
493 61
314 436
152 9
313 263
184 416
482 418
173 359
318 73
377 174
475 205
281 238
363 395
84 341
261 496
367 442
403 84
395 329
411 492
446 460
208 478
142 358
133 168
252 418
324 266
238 128
325 436
255 10
454 205
230 351
2 84
247 475
42 10
198 173
158 425
258 360
374 361
425 212
198 351
229 332
292 317
391 281
319 278
447 43
236 298
454 359
123 435
293 445
107 82
492 172
23 270
353 402
365 243
348 331
120 226
353 141
362 61
272 239
288 384
8 170
205 217
143 380
276 407
192 244
76 382
265 193
344 258
32 393
423 482
446 286
151 24
419 40
165 303
16 386
305 189
344 203
334 11
362 149
191 246
60 110
243 236
285 223
236 318
368 59
21 314
271 493
366 496
233 148
279 258
237 217
210 31
230 486
162 457
181 377
1 466
480 11
272 65
499 189
455 361
64 36
254 457
15 227
344 320
235 133
402 136
77 34
40 423
5 289
476 107
269 259
478 63
401 454
144 195
7 119
144 46
472 25
8 231
479 122
292 113
132 334
359 165
170 436
44 47
128 223
412 379
336 443
361 483
436 346
465 496
425 229
164 216
134 190
111 112
69 59
29 476
116 31
5 481
454 381
337 394
349 333
218 462
318 496
358 243
121 322
464 480
11 342
356 59
449 400
199 107
386 205
335 211
201 147
100 26
270 65
311 457
125 184
50 111
215 399
147 328
110 388
33 132
9 165
314 337
33 243
135 55
61 272
469 82
102 244
339 52
261 484
8 299
441 439
223 214
139 49
341 58
433 435
239 288
106 178
182 391
257 366
202 236
242 425
400 285
56 407
300 237
354 106
189 347
162 124
183 65
117 252
199 449
492 1
53 102
308 332
153 362
484 429
160 449
230 239
307 419
227 265
192 54
177 347
474 298
150 179
273 237
207 70
400 333
250 134
265 431
344 204
477 347
67 423
488 257
201 57
316 145
276 120
442 310
245 236
255 234
386 379
449 414
385 267
255 443
144 155
31 139
380 229
250 150
141 122
383 6
479 467
64 208
406 41
481 323
425 264
136 159
90 257
188 460
327 33
340 322
488 396
464 244
292 334
191 315
465 499
256 44
8 58
266 217
462 468
318 70
194 497
480 150
406 360
27 21
105 135
234 80
255 86
316 204
48 99
65 427
359 420
374 216
360 40
289 269
420 225
431 239
285 356
484 302
469 131
145 494
132 331
391 412
426 171
160 216
30 78
101 265
238 125
68 97
86 99
115 181
86 250
327 188
137 197
81 399
459 498
76 366
453 179
40 357
289 107
432 251
181 118
265 428
450 34
125 190
277 245
248 352
337 370
475 411
254 324
339 179
415 357
154 114
246 333
146 17
144 414
482 101
284 224
98 321
378 269
405 63
371 33
279 310
183 479
372 270
27 153
474 94
266 404
169 283
92 383
356 297
329 183
477 10
55 202
156 241
454 263
331 228
35 233
399 174
149 368
176 122
230 391
394 278
397 92
111 300
83 29
266 183
402 368
315 194
330 54
140 112
333 363
365 65
343 167
375 118
381 123
416 467
335 409
97 56
191 424
187 35
70 353
13 325
128 320
313 335
39 147
283 15
434 475
148 189
479 210
348 397
439 88
398 452
366 149
13 20
208 376
246 290
38 407
344 34
143 42
437 459
102 461
363 4
6 163
180 139
361 406
203 345
11 500
31 404
357 259
265 8
324 407
74 296
383 357
88 239
254 374
158 276
212 149
17 499
162 354
101 304
87 25
229 397
159 409
11 438
241 417
357 245
67 388
386 95
181 205
84 359
77 352
229 2
224 381
255 402
286 159
152 89
131 206
179 337
209 192
43 126
478 435
66 470
308 446
138 336
91 436
406 4
336 435
475 357
277 147
125 320
36 475
77 143
293 333
102 10
114 275
24 317
168 429
356 167
188 436
159 257
449 437
438 450
159 454
354 360
306 411
36 359
474 349
254 120
439 99
178 357
147 408
79 206
58 299
214 408
234 348
446 66
479 208
447 197
441 339
246 331
313 191
399 82
191 265
278 495
100 10
301 132
208 313
387 456
500 363
266 337
310 386
413 211
462 200
326 332
498 40
434 451
58 164
229 227
246 50
285 246
439 256
291 106
354 55
427 381
338 137
396 392
497 117
391 19
490 206
485 62
46 30
492 355
106 296
63 89
318 279
172 124
417 92
243 152
380 369
255 462
221 324
189 103
494 308
415 65
294 41
76 493
22 467
198 54
203 238
462 310
355 289
173 318
234 34
114 183
451 282
462 248
423 473
40 288
302 9
451 470
378 310
100 88
387 203
218 245
281 171
17 39
121 90
199 315
432 376
446 115
489 191
257 147
284 200
264 473
279 441
366 108
46 65
140 106
178 49
140 214
68 34
80 463
207 467
495 139
62 294
387 390
161 454
348 430
410 365
73 357
235 325
392 495
53 139
93 378
472 52
60 345
134 61
486 180
249 193
112 335
117 500
445 439
7 150
347 277
179 355
92 401
110 155
117 102
55 30
106 76
437 138
363 412
394 15
262 63
463 120
7 139
134 47
139 46
400 74
212 419
197 495
184 126
105 169
213 259
60 438
225 50
282 313
210 326
87 497
3 335
475 243
309 42
192 92
97 64
312 455
396 150
345 98
184 136
449 458
304 499
203 31
212 224
436 37
212 300
187 450
64 224
492 187
298 268
479 316
309 418
396 41
156 22
185 460
470 211
178 180
472 178
184 23
131 485
219 207
312 182
239 285
145 457
289 277
249 362
2 328
46 290
76 221
439 423
100 480
123 142
288 355
346 22
189 69
173 207
105 107
90 356
322 379
449 83
154 475
334 175
403 439
16 150
342 496
266 467
117 216
463 492
258 134
404 123
435 459
480 214
323 328
63 130
374 163
187 43
298 83
371 407
474 323
345 240
43 466
10 486
190 36
5 299
201 331
41 234
29 473
485 467
453 465
63 387
313 421
355 460
45 409
448 231
327 256
358 208
308 3
115 180
327 108
158 409
175 458
500 38
224 315
261 296
154 496
77 269
153 464
465 32
340 441
434 40
174 380
178 282
149 111
477 341
345 476
431 140
446 398
162 399
112 97
149 276
161 364
367 327
397 443
129 470
118 252
197 406
343 116
298 14
387 67
250 397
230 88
294 130
471 217
3 463
362 215
40 420
58 82
479 138
31 173
1 221
314 238
428 85
224 119
76 58
320 361
307 325
352 491
206 158
126 384
100 173
308 418
224 247
183 198
107 279
95 200
251 406
23 403
372 433
441 334
315 287
359 280
299 283
437 226
361 265
272 71
280 28
40 374
208 142
461 336
263 128
82 286
443 440
308 286
270 97
321 498
339 54
444 229
372 210
314 34
467 174
268 335
405 297
381 358
98 143
386 93
313 392
137 224
336 268
333 362
330 500
480 284
262 226
427 323
447 186
494 111
476 288
16 358
164 223
239 350
278 214
164 211
77 407
205 133
485 414
28 389
56 266
125 4
105 419
430 348
206 112
2 44
378 217
322 93
87 373
462 308
137 53
428 251
144 417
191 211
445 219
307 205
357 202
334 157
80 202
27 245
353 279
221 231
19 212
114 408
490 234
114 355
483 437
489 258
10 125
371 17
462 248
314 385
277 10
309 15
354 322
410 104
81 439
85 417
410 491
293 496
366 460
62 273
9 458
450 396
361 201
288 72
202 462
26 180
41 311
314 364
216 90
189 93
272 7
425 191
79 226
278 468
413 359
401 302
50 67
50 374
79 379
444 472
387 130
434 11
340 57
160 195
466 301
137 149
326 356
52 243
2 197
452 39
259 33
14 297
368 268
1 453
368 218
499 197
38 151
336 452
419 336
258 221
331 389
35 278
116 453
43 241
161 500
374 89
228 361
220 341
222 496
412 297
318 317
182 303
271 14
293 106
433 1
44 136
153 205
155 255
133 370
91 402
343 5
167 259
239 469
227 9
17 356
61 259
328 45
218 214
312 135
27 271
97 14
267 383
97 193
131 25
469 302
290 80
71 213
40 172
134 4
41 22
236 316
250 482
329 361
480 351
19 71
346 95
59 454
454 308
325 107
438 337
460 487
202 37
36 79
471 283
58 189
172 227
227 477
382 121
141 293
323 14
469 298
404 372
403 455
31 70
476 187
421 300
425 212
228 477
332 203
57 154
453 272
71 51
212 378
141 286
443 308
49 42
370 9
97 257
390 404
486 86
485 352
269 496
153 1
397 222
245 27
133 78
75 353
414 139
211 317
7 333
89 480
142 375
330 17
460 475
279 248
281 470
90 376
312 225
395 194
75 389
303 411
164 371
411 310
174 289
76 309
189 106
394 296
480 329
420 4
318 350
205 463
444 422
356 112
137 415
45 399
88 317
146 252
473 446
264 352
181 345
5 465
224 330
235 62
235 311
138 16
290 119
18 382
200 159
498 405
367 253
181 70
101 185
39 314
219 328
70 270
459 31
132 91
300 54
219 479
343 181
99 130
229 490
370 74
406 459
44 5
225 215
402 76
416 366
74 437
367 115
429 137
245 33
54 334
407 63
218 49
42 139
188 303
263 340
175 45
282 399
253 359
272 480
191 325
189 263
42 54
251 452
193 128
465 347
273 108
156 162
165 360
247 120
70 276
133 349
131 420
341 106
199 399
246 7
47 157
191 495
186 74
294 472
223 316
380 53
58 359
280 305
40 25
383 288
298 438
246 59
268 484
255 372
424 387
67 422
47 445
167 293
72 396
190 175
71 375
482 20
400 17
108 87
205 129
238 331
58 405
455 252
210 96
422 435
274 340
411 423
217 492
375 416
399 13
366 210
464 147
370 492
22 240
412 124
306 484
359 498
103 147
294 284
276 15
408 141
408 325
484 67
97 241
130 303
346 177
147 189
25 201
33 402
118 267
411 454
395 228
343 337
218 419
177 26
423 130
40 122
260 307
234 305
402 86
219 463
364 325
64 56
138 419
418 347
182 444
43 376
235 433
356 136
3 165
438 261
388 286
194 248
176 382
131 47
364 425
377 407
70 354
287 474
353 216
167 386
411 268
472 104
283 15
237 28
34 47
79 241
428 360
222 220
460 228
18 137
52 284
148 29
125 73
255 405
322 372
8 96
426 379
452 224
139 231
133 475
156 210
136 300
358 500
101 5
114 353
482 352
420 60
83 272
496 162
50 177
208 423
440 293
150 112
225 291
404 42
165 116
231 379
71 150
61 349
82 228
119 430
147 263
288 276
43 284
1 98
406 428
270 54
259 409
170 351
258 100
62 63
158 209
87 471
102 41
111 137
143 282
246 219
395 468
32 414
398 48
34 460
4 154
269 402
239 289
91 16
126 418
244 435
275 378
362 50
77 94
324 192
295 287
160 128
63 459
417 136
83 3
190 275
184 228
464 228
284 205
390 208
405 333
169 217
454 118
138 151
177 266
321 192
4 276
368 60
478 481
371 187
6 326
321 253
77 176
427 434
88 268
213 263
426 397
350 225
412 161
249 49
305 314
15 347
495 205
30 71
439 288
463 71
427 334
58 263
294 3
237 433
97 214
35 399
19 425
452 465
9 484
334 214
287 203
294 190
135 129
415 377
290 322
5 27
265 454
355 317
393 209
250 211
117 475
496 11
206 317
57 50
449 372
269 135
311 77
366 398
32 451
24 229
412 370
48 320
143 468
212 410
192 466
403 104
329 198
57 89
264 219
390 401
294 416
30 342
285 35
62 59
135 495
78 442
158 330
312 403
123 135
230 305
110 144
329 375
256 460
17 3
143 158
377 285
284 13
292 82
489 489
449 439
144 401
213 358
476 117
173 192
405 377
255 216
419 344
60 429
58 215
84 443
163 326
481 352
352 2
264 460
301 261
216 233
426 163
6 479
229 451
111 135
139 377
427 249
339 73
183 261
299 481
158 273
386 191
99 294
337 27
147 80
187 358
61 253
347 138
401 54
468 1
391 252
207 287
326 19
168 436
160 432
134 322
443 323
123 11
111 116
96 491
436 372
326 495
329 133
180 239
28 313
196 349
233 417
276 29
169 115
463 132
31 16
400 456
132 130
283 492
274 214
342 322
228 100
5 381
152 413
361 183
268 393
210 243
21 177
34 429
105 326
66 180
113 419
48 146
127 74
113 26
269 11
240 143
29 428
151 121
9 492
442 67
222 464
351 362
258 279
288 476
390 412
267 187
7 231
160 468
16 95
38 68
404 472
319 289
168 351
269 234
165 61
47 215
439 79
451 415
35 174
184 145
88 54
18 153
210 320
66 289
31 389
55 43
55 267
309 449
249 42
394 106
384 343
177 136
288 403
346 47
327 86
72 62
308 401
158 55
454 346
55 484
394 482
49 100
101 302
310 281
44 368
149 203
289 320
475 178
271 320
484 156
304 122
122 51
272 189
242 157
327 182
315 149
251 67
192 184
405 243
288 341
428 382
308 140
478 177
244 365
172 51
374 367
327 251
208 321
456 173
365 280
281 244
316 121
430 61
486 98
485 296
412 249
121 376
83 357
42 293
248 40
103 36
438 257
412 150
151 412
67 327
30 488
491 71
414 58
90 285
211 257
270 208
482 19
222 283
418 121
156 24
328 70
90 487
205 394
341 70
181 443
451 329
324 244
298 380
444 132
48 138
276 16
349 319
245 465
180 42
27 470
496 59
135 487
53 484
262 419
350 340
138 177
75 52
281 218
205 134
391 465
403 434
59 242
441 96
434 154
305 410
294 122
481 11
86 174
244 166
412 399
351 117
189 240
17 201
262 295
415 413
37 132
176 134
190 88
253 219
499 155
423 53
57 60
9 65
406 8
81 69
80 52
149 85
411 80
36 81
28 53
276 25
350 183
209 222
129 131
235 274
184 305
30 488
241 308
415 490
241 386
123 262
406 170
477 421
434 270
340 140
207 117
487 240
104 178
415 23
176 129
395 376
440 498
188 330
1 261
434 335
466 441
339 363
215 493
280 149
235 421
395 385
2 194
206 211
294 459
87 235
128 179
225 131
285 138
412 101
60 95
354 229
166 174
38 340
364 227
328 331
14 151
240 343
430 28
229 92
50 172
91 86
298 186
28 462
69 393
141 353
19 63
382 38
251 442
329 245
433 142
472 145
469 28
416 227
75 378
111 363
161 35
209 453
186 493
134 27
444 315
72 237
426 438
488 217
246 3
197 333
399 284
107 406
388 201
279 453
433 438
335 250
295 418
128 85
5 57
82 98
433 154
101 292
273 305
431 242
490 136
355 164
440 98
75 417
247 168
78 473
116 426
10 427
223 464
159 389
154 100
224 302
418 263
103 431
266 200
289 378
335 232
443 400
184 199
154 136
99 20
79 123
316 357
40 118
400 18
263 105
60 328
134 375
107 91
265 389
186 499
263 122
89 487
23 27
17 127
311 352
119 315
154 474
30 420
51 478
179 210
368 469
129 258
343 338
98 382
174 297
38 170
181 314
368 213
116 401
192 68
44 388
166 31
363 279
259 83
354 254
453 429
67 368
439 37
269 422
57 485
31 358
111 484
389 68
458 471
353 263
358 280
247 412
191 427
67 471
165 469
174 463
225 99
199 468
108 354
332 441
318 78
286 489
275 498
176 208
116 359
498 297
270 449
462 83
124 438
69 211
175 300
55 255
91 131
114 80
199 425
428 460
374 202
340 489
497 221
269 418
143 126
295 352
482 104
179 408
135 248
119 367
38 135
206 220
47 496
266 98
161 110
419 413
311 242
486 175
290 421
355 143
349 203
477 354
68 364
385 1
281 145
6 378
335 50
89 43
253 495
376 109
15 94
96 216
165 143
162 437
365 333
216 79
318 265
59 110
307 30
117 391
74 8
25 123
101 48
14 457
408 464
111 412
346 188
134 128
267 102
124 38
58 213
197 438
241 63
412 161
318 286
455 427
196 445
95 25
492 107
16 214
292 119
428 325
424 349
262 198
157 293
159 202
350 85
259 50
304 422
410 391
310 353
277 1
231 409
166 220
201 418
42 175
296 215
382 141
474 419
246 23
47 280
475 199
287 183
339 324
109 387
380 247
392 368
14 256
374 137
117 8
359 94
108 264
331 209
195 233
385 454
138 15
25 87
300 434
223 17
393 456
234 12
134 6
447 310
411 356
296 111
224 1
31 64
32 117
304 282
151 446
146 131
12 250
157 371
69 251
247 304
473 227
292 238
372 369
413 56
268 185
396 165
10 328
30 486
351 418
333 144
394 154
187 329
106 361
194 8
190 49
361 293
388 488
147 33
87 108
480 68
229 44
165 413
315 7
349 287
276 264
62 272
417 179
56 435
435 211
477 130
325 112
360 109
301 4
468 226
156 18
182 148
96 183
368 483
446 378
445 121
284 260
161 498
409 233
100 303
280 69
489 331
325 81
210 139
53 177
135 130
1 335
112 81
398 39
130 331
410 312
200 166
266 448
10 134
398 490
256 131
419 153
235 466
196 306
290 461
72 345
301 206
358 9
100 136
378 425
231 354
322 185
140 78
414 475
48 358
274 89
18 75
332 185
483 462
415 59
221 478
131 152
443 237
194 192
308 14
402 66
395 295
305 89
408 90
173 230
163 359
249 181
413 38
101 173
497 364
376 341
190 348
15 78
115 71
141 48
148 449
261 26
239 299
306 429
165 417
479 156
457 22
219 66
241 292
459 69
437 472
408 238
28 201
490 127
90 383
366 182
244 465
8 320
3 124
341 455
469 212
463 114
498 129
274 388
472 428
498 79
202 28
47 37
218 416
260 107
317 408
231 298
121 390
370 275
75 47
70 67
200 239
242 380
403 151
267 363
422 388
357 229
114 232
236 455
416 500
319 270
400 251
118 148
467 112
341 149
6 412
438 143
448 341
91 20
293 476
241 47
448 237
76 405
275 380
15 443
90 245
270 441
401 49
242 256
55 75
121 106
64 276
138 455
305 46
479 78
175 462
343 60
55 113
450 69
106 8
74 323
49 57
187 131
136 383
339 441
356 273
37 374
145 266
246 162
112 336
129 183
403 305
139 270
160 365
214 185
349 406
261 309
282 165
467 40
287 42
199 140
23 57
7 36
465 216
268 239
144 257
228 173
390 455
310 286
106 104
153 29
315 346
432 128
335 428
441 139
173 414
456 388
374 82
23 46
258 259
347 255
260 281
58 193
328 162
400 16
14 44
333 425
39 432
402 214
160 406
85 405
380 66
29 318
303 120
8 345
240 358
374 239
41 333
430 482
100 13
378 110
43 149
31 400
186 135
407 164
286 183
51 478
328 466
87 65
302 319
86 288
41 319
368 60
218 387
313 392
62 206
146 362
375 359
205 94
34 371
299 199
33 311
64 161
354 111
394 58
42 441
365 43
172 449
349 85
466 241
63 445
406 278
13 151
430 57
208 444
122 316
157 245
177 313
234 294
190 185
350 89
109 193
13 8
300 317
451 355
153 303
252 71
481 324
460 231
432 204
401 369
277 188
445 207
393 97
217 431
312 122
144 118
108 389
81 52
424 334
172 171
331 150
99 200
92 26
61 374
334 174
340 77
280 76
482 40
60 497
198 128
412 120
410 155
487 228
295 52
145 100
225 56
172 489
47 439
167 282
179 439
95 452
191 229
303 226
56 37
84 285
177 472
278 434
42 248
180 102
104 87
373 468
219 359
229 379
71 256
66 285
115 112
217 311
229 214
269 97
38 206
375 216
393 12
381 156
228 431
360 443
8 97
350 425
236 77
267 419
354 165
63 433
296 217
449 329
220 376
434 466
35 61
488 300
216 337
380 362
159 419
336 428
444 128
122 13
448 185
474 483
408 191
84 145
183 249
262 12
63 415
44 369
252 381
383 339
213 217
232 393
208 330
185 86
483 121
233 303
136 475
239 44
470 236
344 438
290 168
65 200
267 464
53 70
68 281
416 333
476 322
46 269
409 126
494 267
1 39
448 313
63 422
258 448
337 343
134 225
351 113
102 189
156 43
58 391
358 329
189 64
129 58
282 272
175 485
488 106
371 258
340 81
40 439
387 76
500 373
132 52
398 255
463 31
254 454
222 219
325 241
187 490
159 475
253 143
267 216
262 368
371 36
263 127
2 73
434 21
219 232
253 442
111 249
47 490
231 343
96 362
38 181
235 143
461 209
9 317
157 147
380 405
260 292
82 463
289 217
329 271
293 366
360 203
264 274
357 437
91 35
113 328
182 140
75 47
444 395
251 340
333 268
66 44
331 44
439 212
107 99
169 429
149 240
10 443
469 450
486 42
451 370
380 52
401 146
408 81
19 467
419 380
123 273
65 279
338 139
164 338
314 70
268 333
58 198
498 87
487 314
182 127
461 121
284 80
34 111
178 165
166 183
135 281
248 108
438 383
339 30
173 181
294 247
288 9
274 52
25 384
443 48
385 292
453 286
172 131
422 252
271 302
172 14
139 468
309 488
382 14
20 482
104 373
347 332
336 333
428 168
122 4
260 74
259 57
24 139
180 358
227 374
220 101
138 155
292 309
328 123
274 78
14 486
325 272
99 202
161 3
455 496
8 243
405 377
168 237
109 184
229 186
453 375
342 112
439 50
420 60
300 288
293 172
136 147
225 347
340 263
350 77
408 322
49 474
438 408
47 19
375 255
17 173
150 13
468 439
204 236
458 237
301 1
269 175
339 66
427 120
173 126
89 172
475 444
413 253
316 436
499 353
380 452
377 237
248 153
472 440
191 453
496 233
409 499
384 104
199 167
65 138
340 243
316 408
451 112
285 201
213 472
141 218
292 223
287 294
89 178
123 323
382 318
384 316
354 204
287 11
168 220
87 366
350 291
244 310
50 199
391 180
173 310
289 457
467 408
27 261
24 32
50 97
111 447
398 232
467 265
351 19
62 63
390 25
161 152
369 396
351 371
433 130
59 208
373 297
454 121
193 209
355 479
261 481
444 497
190 389
473 246
127 285
383 205
97 278
199 181
370 485
291 124
244 249
328 461
485 315
222 65
169 391
341 154
31 193
359 228
347 23
280 380
363 348
440 3
65 91
483 497
152 307
399 62
343 483
42 47
111 479
34 94
104 145
166 427
405 155
240 30
300 70
34 378
177 423
21 85
313 442
43 156
303 167
113 124
1 182
474 43
83 67
40 376
158 278
47 380
70 194
242 100
100 51
92 124
58 174
451 375
393 76
319 311
187 65
369 500
219 8
143 217
114 392
415 411
16 80
114 219
77 63
322 309
491 386
297 198
277 60
371 415
269 455
282 477
423 43
384 195
480 467
471 382
108 12
385 355
111 1
53 171
22 151
222 169
298 295
331 463
335 217
60 318
24 328
70 303
52 88
111 215
392 331
140 432
465 33
208 375
483 330
65 87
444 253
495 218
195 142
66 203
435 244
186 2
432 163
473 480
146 142
150 143
370 313
355 175
183 471
6 53
420 396
169 157
264 473
391 113
378 68
297 113
247 212
231 249
418 207
88 312
277 361
77 98
468 475
94 194
198 21
158 394
301 242
150 404
421 125
38 60
364 356
233 413
432 424
207 157
464 201
204 374
77 185
418 313
236 466
495 389
470 206
174 128
71 69
69 465
347 84
394 185
453 210
79 295
264 223
30 310
24 143
186 352
260 349
375 134
439 19
10 285
236 74
313 84
344 464
29 52
357 51
496 391
237 360
143 408
427 180
314 121
290 406
44 265
482 239
165 314
302 364
429 94
98 17
327 428
371 210
153 354
7 66
209 72
487 29
356 115
93 380
61 87
267 121
218 259
197 227
276 314
20 194
344 204
255 387
401 441
136 422
42 441
96 49
463 385
429 398
134 75
90 307
386 313
44 116
83 395
450 338
472 402
246 228
154 442
313 216
245 201
123 274
167 367
168 439
130 165
468 443
22 120
461 277
241 208
482 296
474 256
239 237
320 271
69 331
59 270
62 227
486 50
50 465
173 184
144 432
70 69
270 453
44 32
277 217
43 112
164 119
361 67
8 400
344 113
109 348
444 145
493 243
451 389
486 171
113 87
376 386
326 245
320 324
293 276
386 438
386 228
238 431
327 345
16 20
85 425
443 499
204 84
338 373
71 413
73 427
387 77
471 410
407 316
339 67
37 251
267 174
166 310
444 327
16 370
284 322
36 359
73 441
211 2
205 398
326 177
309 313
443 100
153 54
225 287
406 387
394 181
271 70
107 155
219 459
354 347
390 203
429 288
197 155
366 480
67 315
262 334
238 317
128 409
412 24
178 485
327 296
45 466
196 375
325 69
480 94
485 211
34 300
64 216
10 17
462 409
221 143
2 385
209 474
176 126
162 390
193 92
133 245
210 373
350 54
41 402
39 497
281 36
306 194
92 163
391 328
225 268
157 491
273 125
310 135
326 54
61 103
229 167
448 12
53 134
308 373
10 186
278 312
110 37
138 302
395 77
230 443
220 31
287 426
97 100
47 328
37 339
307 497
147 410
158 462
279 430
138 476
398 312
220 338
288 85
244 65
198 468
448 309
240 364
102 10
352 144
411 34
263 15
335 181
133 181
415 240
99 490
453 469
331 317
338 215
398 237
219 70
316 430
425 203
437 405
381 358
427 284
428 278
432 172
363 77
103 364
367 233
126 49
347 135
373 271
372 351
104 418
467 431
288 261
229 32
10 369
285 190
270 210
251 136
315 224
466 383
301 61
387 290
408 403
461 385
21 56
209 253
440 487
278 235
172 166
162 215
224 334
229 426
486 260
283 292
470 258
375 316
208 96
122 54
132 352
32 500
450 440
429 387
291 492
349 41
130 354
62 83
146 393
477 202
282 459
2 469
420 272
415 278
41 344
97 84
348 102
177 148
221 96
140 274
46 94
148 50
43 361
3 93
166 209
214 227
293 380
332 120
38 319
93 206
470 142
1 267
217 222
27 32
183 227
32 490
400 371
439 489
151 350
231 127
19 469
43 93
315 351
234 28
473 213
267 373
263 297
145 365
215 483
162 223
280 339
62 464
38 101
47 277
124 272
8 49
236 374
458 206
45 6
274 313
475 175
245 239
165 115
237 285
198 431
139 288
142 425
273 132
78 37
344 16
394 162
24 297
191 36
380 20
261 422
158 68
229 279
431 127
417 349
243 335
482 245
54 339
393 82
480 202
152 428
241 498
448 299
433 260
436 24
4 357
7 211
337 155
196 418
130 307
102 261
430 150
11 460
7 387
257 344
78 256
29 452
207 367
246 474
422 194
462 51
152 321
125 394
345 374
486 370
482 47
379 1
136 128
440 336
470 470
41 71
453 179
297 483
227 413
420 468
310 478
186 163
229 48
73 134
218 90
251 174
109 376
285 489
1 428
111 231
307 465
315 96
227 350
365 287
283 430
446 138
192 58
477 197
495 476
239 175
313 482
62 461
343 55
311 197
485 375
264 465
254 247
122 293
345 296
96 80
213 290
113 378
70 88
60 132
250 159
429 367
196 263
302 69
137 90
22 85
177 364
258 240
83 495
477 137
180 109
141 409
172 477
479 429
429 321
109 326
173 31
86 108
20 373
250 307
494 153
260 41
258 56
456 426
45 118
425 183
277 55
462 479
90 278
288 150
444 240
417 318
60 295
54 114
79 258
333 103
140 303
465 498
368 73
201 25
173 279
60 467
211 306
122 206
478 498
417 85
336 349
461 93
406 361
336 308
124 78
228 337
236 102
184 49
132 431
398 126
301 331
358 8
471 34
169 428
413 351
362 21
208 28
114 48
167 89
449 41
366 21
73 230
170 238
409 27
77 331
306 292
239 312
131 384
323 60
140 29
157 42
177 316
7 353
98 244
270 290
435 84
419 21
84 35
272 394
420 29
285 212
397 199
398 40
270 185
289 466
27 128
407 14
340 246
210 286
297 230
236 201
183 8
300 202
410 257
115 172
365 42
179 411
121 238
343 248
472 227
226 28
387 313
232 242
119 44
109 351
128 59
243 273
129 100
292 466
491 286
196 127
280 456
465 423
358 124
242 285
211 174
225 101
8 160
450 107
62 240
231 217
219 119
409 499
494 313
406 313
259 317
70 464
294 336
106 2
439 463
480 300
192 319
247 326
148 94
399 196
441 145
472 42
473 254
109 367
300 294
45 122
263 219
63 426
437 167
300 170
323 344
7 389
54 48
29 272
76 105
4 329
30 267
280 355
60 95
458 397
211 388
112 202
228 298
452 363
406 53
124 80
126 357
53 308
51 93
376 396
57 174
219 250
308 201
396 367
15 158
431 307
306 450
423 493
290 92
17 300
275 335
131 390
321 26
270 472
470 250
139 280
296 403
89 319
384 297
59 41
454 364
330 323
435 436
176 452
269 437
494 82
471 99
491 398
292 424
303 301
345 37
352 346
176 184
434 212
101 456
52 479
457 71
96 355
333 441
31 469
35 198
279 178
106 251
312 87
53 484
67 324
230 62
490 245
258 36
239 426
61 4
266 358
110 256
15 292
370 185
361 81
95 186
76 249
112 284
396 110
72 138
360 404
31 190
282 144
422 143
92 58
429 212
351 384
425 378
67 499
287 467
186 186
453 4
281 449
377 179
155 384
126 121
241 245
243 11
310 221
403 249
96 36
160 275
169 91
254 103
471 127
440 1
416 498
163 18
168 153
458 333
43 332
30 320
259 399
369 20
392 389
104 264
60 345
444 32
122 224
48 14
490 60
71 189
206 88
112 172
78 157
196 408
426 220
226 105
121 479
101 48
177 238
72 345
27 70
458 80
287 275
427 424
272 450
388 214
201 337
271 123
38 11
34 138
401 250
281 28
161 421
143 202
324 240
35 393
159 52
354 229
265 468
494 82
123 103
239 426
49 90
384 329
45 333
221 486
85 72
201 105
268 206
364 500
58 375
231 379
460 216
34 64
392 101
50 80
278 64
57 61
82 257
213 280
129 20
410 320
384 494
483 273
475 212
126 306
376 311
131 73
292 67
89 358
113 381
344 20
142 134
442 393
339 434
126 54
102 427
16 118
455 226
317 93
342 72
121 371
469 340
358 100
113 28
213 373
94 105
343 499
197 35
120 377
396 447
261 348
32 378
183 172
451 9
401 122
96 263
404 451
220 353
347 384
17 94
383 500
438 30
75 419
90 364
204 35
2 243
393 51
174 32
67 34
334 408
258 235
439 455
272 91
88 105
416 375
371 376
467 116
475 246
300 339
461 443
295 55
178 155
213 231
220 98
236 282
310 340
260 27
210 259
429 48
371 159
355 129
444 137
156 230
113 7
247 149
52 245
78 48
385 180
453 214
366 302
237 31
224 359
201 130
471 160
175 412
419 271
152 69
152 371
350 341
327 45
483 362
379 2
16 90
255 114
426 78
62 118
262 347
72 324
85 132
80 72
218 237
411 98
199 486
369 205
261 181
454 129
417 436
311 194
427 318
455 452
485 233
229 325
63 296
453 380
85 41
420 406
488 245
424 416
20 175
380 391
168 403
13 471
234 131
114 317
194 83
360 313
61 407
26 162
167 376
365 412
240 100
193 123
390 194
256 122
46 462
39 285
404 31
406 108
283 133
337 226
304 189
157 189
210 498
173 121
437 150
236 82
290 128
328 234
51 88
16 459
227 33
69 362
18 133
111 228
240 389
36 293
262 477
481 433
217 133
47 189
212 334
436 357
6 130
465 186
302 74
56 359
59 30
301 116
94 190
325 260
219 247
304 320
403 64
393 443
195 452
448 255
284 174
434 101
310 467
51 419
440 461
130 460
466 119
444 431
372 370
309 298
351 253
433 414
481 34
432 367
240 376
497 229
387 443
439 438
206 130
318 172
3 411
491 64
375 487
108 311
405 124
498 308
78 91
30 23
400 482
174 439
461 453
281 77
246 56
451 361
470 405
87 462
103 473
57 236
250 103
226 481
222 137
163 210
362 224
491 460
496 182
317 311
247 210
185 297
80 1
192 334
296 384
355 120
318 476
404 101
211 231
329 247
370 258
390 422
363 224
335 301
426 52
424 28
232 491
344 124
169 214
337 351
251 268
338 191
59 477
418 472
25 167
106 69
296 424
26 172
491 23
497 341
96 340
170 168
185 488
72 167
132 276
10 146
94 154
291 4
130 251
189 300
496 5
304 225
159 472
324 312
390 64
71 17
170 348
93 418
148 254
132 40
374 224
182 139
106 240
90 211
435 323
163 19
339 108
262 262
481 383
470 493
270 10
85 198
222 189
112 497
215 279
230 401
238 301
363 329
173 105
43 154
233 101
212 290
300 7
165 107
78 436
145 478
230 69
291 52
136 238
113 317
384 380
466 473
35 73
112 234
123 157
212 488
52 227
152 66
455 180
174 446
251 472
89 127
474 265
398 8
85 334
46 438
265 439
92 25
278 86
296 118
111 486
452 73
355 444
325 333
94 255
18 376
231 321
360 150
256 191
291 458
46 94
275 487
11 484
19 156
180 88
301 249
368 318
153 480
433 231
13 314
482 302
29 127
27 455
108 360
331 439
303 144
370 306
87 165
222 261
399 425
338 285
475 499
54 192
20 35
447 117
104 455
44 475
117 316
431 317
355 23
294 397
245 23
130 356
478 392
151 322
436 80
407 493
196 392
308 303
126 269
462 163
434 485
70 68
282 39
319 195
114 283
142 361
340 245
139 306
44 273
302 495
333 348
428 495
272 404
271 165
7 61
125 44
271 74
247 202
493 95
61 442
12 407
178 180
2 419
179 321
235 9
73 255
423 309
457 37
166 156
479 344
488 334
299 85
419 322
84 39
448 229
8 52
241 193
380 40
54 441
475 167
25 175
464 295
44 152
72 500
319 311
113 410
87 261
14 388
237 98
422 319
125 483
185 318
88 355
155 173
134 432
431 434
230 350
434 429
88 349
86 270
413 150
405 50
332 405
288 215
310 500
285 26
95 278
457 255
92 187
429 273
130 473
264 306
205 21
230 79
61 306
432 421
360 168
145 115
357 56
274 408
264 228
346 371
145 26
298 346
160 1
53 500
415 355
162 286
95 393
157 307
61 196
97 369
228 190
88 315
6 161
182 395
470 223
399 366
69 500
430 182
432 303
468 417
308 491
204 333
20 416
196 365
230 65
488 404
67 398
467 422
44 190
422 142
171 405
445 105
215 360
135 263
261 454
344 224
197 497
299 437
61 194
9 458
235 221
177 387
349 337
85 125
50 24
74 246
20 285
150 423
360 302
119 116
339 115
200 18
108 152
216 342
65 12
187 96
9 269
5 131
332 44
36 385
248 330
439 411
386 330
434 345
78 170
397 234
236 324
94 245
387 179
53 58
343 440
375 437
352 332
109 70
128 353
330 280
444 129
299 136
302 127
121 490
477 474
498 429
425 120
154 329
178 289
110 159
429 334
488 27
267 229
166 406
267 349
143 128
357 292
248 226
52 469
103 143
411 345
367 336
385 83
394 210
402 156
342 238
328 376
289 43
467 491
286 273
64 69
48 318
251 364
169 216
399 343
93 428
332 261
459 389
110 251
169 228
441 187
425 28
273 217
333 496
434 42
274 432
31 352
377 114
410 217
220 257
98 442
258 425
38 11
438 185
28 208
177 367
127 348
304 105
309 377
402 477
329 111
204 311
217 422
262 406
120 489
337 451
43 383
354 287
384 71
60 154
276 438
28 324
346 362
216 231
170 46
383 162
7 469
451 290
288 317
360 450
234 57
41 106
343 437
8 430
312 93
367 197
175 433
65 212
332 250
286 376
229 419
20 430
327 358
408 391
301 469
366 474
497 134
164 494
110 10
248 37
161 88
470 495
459 473
72 74
75 64
262 29
103 301
234 169
491 133
380 95
103 361
47 78
430 296
3 297
422 104
240 193
438 451
179 37
218 483
377 39
71 302
52 125
11 234
495 357
85 128
485 26
158 220
214 278
102 146
289 325
132 324
205 199
7 407
227 196
45 48
361 285
26 47
228 345
196 95
266 497
328 477
407 181
487 422
309 480
480 263
146 226
273 423
475 349
338 386
176 200
374 333
244 465
372 74
194 26
183 235
311 215
90 63
56 286
320 319
427 197
234 103
385 334
35 202
271 268
420 113
229 134
350 249
19 196
169 261
441 405
489 448
472 432
34 234
274 19
49 42
496 259
241 345
426 269
4 39
472 296
105 473
475 253
65 275
265 212
125 204
304 494
129 202
371 253
475 71
399 443
238 301
56 168
341 4
35 120
390 295
194 352
118 17
189 483
106 229
376 288
60 79
267 167
151 409
326 238
251 250
8 378
148 445
389 458
486 391
176 233
204 499
133 482
421 469
219 437
39 290
493 128
435 286
290 207
43 107
419 388
129 477
52 186
257 162
233 467
70 221
214 491
106 407
445 218
366 106
251 33
225 193
116 247
165 454
461 103
473 82
15 198
282 195
43 464
369 367
284 424
433 235
443 473
414 125
163 439
455 246
451 252
96 212
364 307
50 296
97 462
110 21
161 332
304 462
441 6
264 280
362 114
94 157
38 94
113 131
19 229
225 24
453 52
329 340
416 137
46 140
28 90
248 416
212 227
335 484
114 34
484 130
400 199
260 328
308 425
117 430
347 119
22 217
485 458
499 32
36 97
207 456
227 80
434 39
399 291
448 357
280 201
141 307
420 180
64 54
114 308
99 46
226 38
146 266
321 170
241 488
334 30
361 35
58 328
73 60
397 38
357 96
327 173
124 379
323 184
271 227
219 26
382 220
165 153
343 205
235 464
3 369
411 413
218 285
261 276
79 211
156 176
252 79
397 381
198 3
88 224
165 53
94 478
459 473
440 223
45 1
302 36
25 314
379 221
63 204
200 394
190 391
337 244
429 362
39 218
485 68
151 84
164 130
295 88
407 111
135 31
310 136
500 323
115 188
181 308
381 96
25 300
168 23
381 346
355 363
324 484
35 465
158 42
421 14
205 246
469 267
127 287
265 126
247 304
391 303
265 27
397 32
305 240
149 85
273 142
433 451
3 165
273 335
362 276
397 388
350 161
142 320
87 304
114 335
456 373
13 352
274 246
59 219
140 351
178 88
184 339
139 15
137 288
500 306
480 338
497 429
142 147
246 315
492 389
226 127
248 261
214 56
277 135
368 235
213 393
341 470
472 380
209 87
303 445
273 341
457 109
279 366
402 399
279 475
320 83
3 424
21 451
322 191
292 261
206 8
90 347
494 233
420 348
219 271
352 135
154 452
220 376
169 152
237 29
309 432
43 335
266 358
192 187
333 312
101 83
236 353
296 374
355 226
13 328
337 451
321 198
147 454
236 368
110 246
246 347
299 223
404 141
245 494
192 438
458 365
3 280
134 239
145 366
156 468
257 173
31 410
76 211
374 423
275 458
190 375
382 323
19 214
213 221
356 322
445 472
13 358
227 158
101 53
259 323
262 423
142 249
495 280
136 183
361 401
15 435
116 236
348 229
120 277
1 94
475 451
265 232
238 397
289 200
441 478
226 319
414 92
154 235
143 2
278 96
169 33
18 488
200 428
394 128
311 182
82 43
334 245
96 342
457 13
483 79
84 391
418 415
488 468
339 389
167 134
81 41
417 118
213 35
57 139
5 56
402 312
4 8
29 201
439 277
306 444
355 190
453 401
145 389
422 498
298 6
390 146
319 178
67 341
256 18
428 248
286 85
206 296
315 168
388 479
452 471
93 295
51 44
265 482
274 50
164 201
220 315
419 409
204 251
321 352
37 429
323 101
286 99
289 273
247 137
26 375
289 151
52 79
466 484
220 58
381 173
143 371
303 331
323 144
431 96
458 444
256 397
248 219
55 417
345 144
53 91
73 360
402 419
391 462
252 307
354 267
474 358
380 143
253 178
400 118
424 329
80 377
213 436
132 321
488 68
280 42
189 75
447 138
36 254
477 382
461 245
490 168
135 463
409 269
297 426
150 24
55 209
83 330
176 270
38 178
344 256
277 460
475 346
265 262
115 78
396 376
373 102
477 147
61 280
62 301
336 438
56 373
311 348
412 362
193 403
77 430
4 439
30 272
46 15
284 407
59 230
231 268
178 99
355 65
93 206
348 392
126 373
243 247
204 431
459 355
68 106
313 355
500 75
453 435
264 370
350 87
377 394
323 209
71 320
458 91
324 20
270 3
149 101
10 12
166 264
491 219
433 101
4 273
143 485
391 43
25 30
114 240
446 292
310 284
216 211
287 115
381 207
351 151
329 22
252 429
125 1
361 473
353 446
127 150
79 274
403 340
407 254
378 181
306 38
233 103
433 193
413 271
286 281
257 439
221 85
318 29
223 352
357 414
253 157
128 189
409 148
99 440
425 454
219 136
394 440
252 246
58 143
363 271
2 80
421 80
146 409
272 134
282 191
315 7
250 108
403 252
492 106
81 199
172 22
191 153
134 458
128 197
356 293
277 487
397 110
71 188
212 402
314 267
305 456
128 41
483 208
95 63
255 174
274 237
366 467
106 176
92 70
203 336
240 415
94 81
170 316
366 202
338 40
35 400
98 55
97 464
372 417
286 114
483 435
213 438
41 112
186 102
61 112
390 177
339 53
367 33
438 10
411 478
85 371
36 214
74 116
117 227
272 468
156 219
320 207
37 369
465 299
283 418
416 188
323 56
456 147
380 439
231 369
465 29
241 474
425 214
160 262
120 198
130 186
179 384
155 324
464 424
446 198
164 189
307 183
247 265
415 180
220 412
30 77
440 286
154 215
404 412
116 499
409 369
301 169
10 435
359 45
29 288
375 462
240 260
122 442
499 23
372 175
287 191
494 106
195 183
64 474
278 402
231 149
321 20
196 41
103 107
487 169
432 63
480 316
428 479
171 199
108 68
124 252
95 151
45 131
215 4
198 449
289 138
329 298
84 224
133 294
101 123
11 486
361 106
221 22
351 228
24 203
197 283
175 87
283 488
126 342
80 334
14 121
63 109
35 338
157 369
289 293
468 348
119 291
398 467
279 381
294 283
180 112
220 371
196 15
498 113
114 14
3 10
208 454
476 408
294 93
331 207
420 83
99 403
126 114
367 209
401 491
435 204
434 227
23 51
420 246
393 417
335 52
238 424
230 447
356 367
26 143
64 362
188 253
419 19
267 139
343 284
128 182
26 168
125 206
104 434
216 350
308 476
338 294
430 362
232 280
456 296
180 286
142 164
454 468
397 45
409 486
171 323
296 260
294 150
499 192
485 329
85 226
251 86
14 237
55 45
447 57
350 313
352 23
150 37
121 304
60 155
385 387
32 98
77 471
224 12
159 365
457 125
368 136
141 71
20 417
319 401
473 74
140 131
372 117
354 165
210 79
393 75
333 349
177 123
17 105
235 407
179 249
347 155
30 100
202 77
265 393
241 372
146 343
124 60
340 28
483 115
483 400
319 450
473 402
331 369
248 168
351 346
372 446
22 415
251 41
262 68
15 338
217 313
166 197
187 288
53 398
391 418
418 176
331 135
469 239
64 496
233 265
45 420
481 482
153 31
61 465
245 57
485 237
363 453
77 483
274 317
220 41
486 74
481 454
320 426
261 384
337 394
426 109
463 93
126 67
417 67
452 464
397 479
41 446
107 478
188 297
499 301
281 327
331 342
208 282
102 194
251 444
414 52
64 245
148 341
290 166
448 380
182 374
439 455
466 135
382 133
489 259
282 19
161 126
130 235
448 448
329 381
431 292
186 47
489 333
414 210
464 208
41 153
127 341
64 237
247 207
193 256
421 290
434 115
426 51
112 70
246 81
283 137
118 486
424 239
159 51
226 82
482 301
105 402
323 23
272 457
493 23
228 180
299 352
35 102
208 256
189 35
117 302
488 398
350 496
130 109
490 79
260 244
483 283
364 135
322 26
214 468
296 5
331 484
299 340
437 324
444 71
294 468
293 132
252 400
41 11
127 8
7 19
498 145
295 254
75 118
413 311
332 480
106 55
54 82
323 458
151 189
136 162
140 418
139 192
409 238
399 161
462 102
204 89
233 25
66 469
338 82
118 27
164 354
15 402
307 99
52 369
255 98
134 46
331 269
90 87
277 438
378 405
33 259
25 289
373 89
205 429
472 500
290 280
15 75
144 122
301 464
154 286
44 112
134 49
352 470
292 357
407 500
247 408
3 95
465 126
296 318
301 281
294 468
300 360
190 243
245 273
127 257
172 371
226 432
485 38
459 141
76 80
456 382
358 353
3 99
280 241
458 269
16 260
332 104
91 95
132 420
270 465
193 426
35 209
219 392
388 238
185 107
49 28
165 82
302 153
92 391
32 163
464 175
499 259
56 115
129 240
383 302
420 201
243 322
90 73
328 29
109 237
250 37
356 168
477 70
262 388
92 324
449 48
193 10
41 148
241 169
279 203
397 50
329 385
289 53
221 260
178 108
264 219
106 245
112 413
134 500
296 181
459 54
69 307
439 171
366 58
454 228
370 283
395 22
196 46
106 389
30 238
474 187
430 287
401 330
89 172
410 318
13 329
19 309
155 239
288 411
46 429
312 299
498 484
25 396
127 470
233 179
440 370
368 443
330 388
211 12
186 28
187 157
301 180
229 45
9 486
14 13
366 147
320 471
444 18
155 312
317 132
341 257
444 327
310 245
380 92
488 264
447 182
187 324
234 298
424 381
65 478
350 307
60 467
160 413
388 34
498 89
103 173
197 104
17 350
342 181
458 205
106 474
410 272
221 364
151 220
453 8
433 391
329 378
286 259
277 134
119 233
427 237
466 185
382 381
150 342
225 166
50 60
51 336
256 372
84 33
167 403
192 389
111 344
159 419
22 52
18 380
207 497
273 332
394 190
447 53
340 378
333 412
178 69
372 179
90 88
401 22
210 62
296 220
58 82
443 318
127 341
334 237
291 375
229 60
230 99
498 208
24 102
56 365
217 56
454 446
350 351
406 478
310 216
335 176
406 183
104 302
250 427
303 313
100 335
228 187
493 195
43 118
116 500
120 30
239 40
76 330
106 458
169 113
106 234
18 132
485 373
447 77
425 445
310 322
32 174
317 168
143 378
131 124
362 110
457 441
258 382
383 459
5 304
323 169
142 187
408 361
23 25
247 348
430 38
332 354
18 88
187 182
414 356
95 81
370 106
2 451
460 341
486 188
473 368
6 248
335 154
114 72
143 82
4 255
295 130
227 80
77 329
200 450
304 219
479 6
197 337
301 436
434 480
115 398
27 46
118 354
89 253
386 424
419 50
275 127
356 457
29 102
154 83
306 364
359 215
81 67
402 152
480 416
326 77
362 397
319 434
303 97
27 41
273 448
371 176
144 307
176 339
362 35
425 200
337 392
133 59
224 146
34 47
108 452
317 256
25 68
338 41
55 380
114 477
21 406
170 352
286 112
37 146
66 258
16 223
46 418
405 261
245 275
488 493
301 483
128 90
159 477
119 113
252 232
196 105
79 156
163 99
310 180
454 426
197 209
181 378
77 255
445 205
56 204
55 81
37 435
479 380
429 314
220 192
101 339
128 148
91 334
333 335
304 85
414 354
229 255
148 210
165 199
60 414
102 192
438 196
309 450
253 386
394 95
404 382
183 333
304 171
370 34
470 122
156 373
149 381
282 228
448 110
128 19
141 311
114 413
229 78
478 277
30 123
483 180
305 118
442 353
288 174
230 282
127 283
5 243
136 45
233 425
307 446
204 117
7 173
238 368
259 198
142 310
266 63
65 57
253 468
499 494
377 74
153 462
450 106
416 152
323 224
182 74
22 430
361 317
147 258
425 119
366 314
243 456
32 310
389 193
85 168
475 494
45 499
122 205
125 341
300 213
9 77
409 323
213 50
85 458
126 242
65 125
431 146
99 406
158 157
227 278
336 470
353 354
221 291
299 341
124 129
467 154
215 328
227 313
454 440
436 102
496 67
356 443
24 186
263 439
276 147
463 207
378 175
184 500
155 176
66 24
401 104
38 287
148 406
452 495
158 275
410 293
191 43
199 250
320 185
187 96
424 287
437 90
234 415
466 271
132 409
125 114
315 391
238 91
15 385
477 104
5 129
51 414
274 5
309 50
473 158
133 264
205 287
239 133
40 242
96 83
320 183
357 258
160 451
357 94
376 120
250 89
304 469
289 371
191 464
354 23
434 113
185 262
197 426
166 428
230 285
303 23
496 222
316 304
438 196
250 384
186 324
268 177
291 15
59 277
273 380
394 220
41 271
60 159
151 461
263 141
238 200
324 232
56 492
409 271
165 122
214 265
153 268
499 211
332 454
368 349
244 321
332 235
462 134
405 154
5 442
32 131
120 47
323 407
345 416
272 377
212 269
395 394
100 67
214 408
442 383
450 435
226 379
217 196
73 96
422 121
15 87
103 343
58 66
156 433
479 278
68 103
270 223
343 367
426 340
333 415
330 260
359 126
262 433
202 421
102 143
191 373
284 490
242 415
203 336
237 52
16 136
376 269
462 477
15 304
13 4
68 187
466 330
61 137
202 282
371 449
282 176
29 455
334 138
410 426
137 498
297 44
264 208
460 433
365 121
240 99
445 49
51 18
7 218
389 248
486 242
39 146
111 9
89 155
284 441
166 20
426 298
137 159
36 155
269 23
260 451
156 372
119 361
356 205
461 216
408 18
171 372
373 457
466 234
204 208
209 396
481 174
166 170
7 488
134 116
444 372
207 40
116 315
498 375
76 171
353 92
350 260
29 426
10 385
216 111
410 126
95 237
304 332
494 238
362 397
273 452
273 48
204 222
414 447
297 194
177 310
357 52
157 178
54 274
274 70
422 432
14 280
51 429
466 43
104 48
44 474
483 80
456 494
371 148
265 478
46 417
447 48
219 191
9 79
411 499
100 102
391 188
151 160
227 454
147 409
298 322
87 252
309 386
252 190
73 441
479 43
448 52
170 103
55 319
322 310
278 489
23 291
286 402
86 45
335 13
294 406
293 212
293 333
277 279
405 16
21 325
74 382
274 52
109 378
403 174
10 346
316 149
101 46
178 183
238 74
479 432
221 314
311 487
21 117
233 347
261 215
241 111
116 237
235 240
417 210
109 497
256 92
493 224
409 369
166 497
166 421
82 425
14 171
397 294
101 137
127 209
271 32
108 180
256 5
132 172
39 468
76 320
175 61
389 297
71 419
100 297
287 411
114 440
317 152
286 315
374 55
201 374
192 278
107 427
113 224
172 19
199 150
383 224
381 116
212 338
281 362
103 238
494 466
148 305
268 279
27 483
452 65
130 334
443 445
65 255
132 372
252 429
466 431
257 269
109 177
161 37
39 265
400 492
202 153
447 181
106 274
303 177
467 442
103 44
266 79
498 146
296 180
479 355
121 239
482 234
159 285
400 36
81 329
382 79
307 161
405 264
212 74
56 369
354 183
192 107
322 51
344 458
107 217
186 477
40 190
256 499
267 112
284 379
440 436
135 197
174 54
480 351
461 21
487 133
90 202
298 464
200 477
47 128
5 178
414 272
270 372
195 36
497 70
339 316
308 78
493 204
356 398
319 306
375 46
252 16
324 485
419 272
25 457
456 39
211 25
347 129
126 68
199 296
41 300
59 48
61 31
76 318
461 342
255 169
76 248
12 312
100 208
377 292
495 276
291 377
236 101
195 198
260 204
441 395
171 167
302 61
89 77
185 295
483 495
374 451
1 446
449 348
162 156
487 407
253 149
82 184
499 228
445 330
204 386
32 450
246 107
490 270
41 476
115 177
258 88
353 193
18 184
247 47
122 319
231 292
277 441
200 33
290 425
96 129
166 147
392 287
319 320
65 266
340 83
495 402
462 401
436 104
178 473
36 162
78 64
21 64
477 232
360 153
236 300
43 312
53 52
196 330
304 141
235 187
252 467
292 331
124 281
193 497
426 375
476 384
191 96
374 27
401 321
402 420
478 447
318 429
234 55
385 61
362 102
136 282
451 124
347 294
351 94
379 327
414 132
203 188
199 258
233 287
165 354
302 397
416 82
339 30
329 383
293 294
35 489
268 89
282 64
195 430
81 327
403 32
164 355
478 373
412 489
255 363
460 415
44 449
250 74
216 312
492 286
326 45
91 283
492 462
158 128
144 394
376 16
47 377
214 237
94 5
136 272
272 45
156 132
89 449
333 443
374 493
233 48
488 435
282 453
359 24
232 207
263 499
144 267
40 317
443 231
326 50
103 474
114 306
353 305
64 74
74 354
417 134
369 395
353 444
264 199
242 188
155 406
201 86
259 63
164 261
385 84
164 220
470 212
248 190
439 429
493 313
205 259
341 161
448 495
170 307
252 140
443 110
355 103
279 52
450 475
215 199
238 152
92 4
36 9
260 204
164 469
287 283
441 17
387 162
481 354
188 106
322 388
483 383
84 173
482 408
69 43
182 171
198 454
456 440
99 497
147 250
477 196
327 299
386 118
42 245
91 61
355 341
452 403
64 359
318 169
399 283
72 412
337 165
47 378
378 86
430 396
11 337
196 13
128 304
158 215
45 230
292 149
348 19
280 255
271 396
368 267
55 335
170 303
84 15
324 316
445 275
215 342
305 206
63 27
484 337
469 153
315 278
345 219
224 496
8 313
95 490
327 108
65 401
337 331
432 262
240 266
186 12
175 51
108 128
270 275
74 240
89 114
237 206
354 443
416 110
281 310
362 375
447 97
409 196
319 351
292 190
270 497
141 424
214 257
173 93
238 92
155 206
261 141
7 167
107 487
69 400
77 99
188 205
308 181
25 20
250 377
443 330
375 447
57 20
471 162
493 463
253 416
110 104
414 307
493 392
422 23
320 286
33 421
442 377
25 144
368 237
466 354
341 95
301 13
135 104
235 29
383 450
280 53
18 64
228 299
485 100
92 180
340 438
39 164
183 317
275 365
212 242
298 324
152 200
80 379
479 159
198 407
297 219
59 78
293 373
489 40
303 225
429 266
341 188
376 28
462 20
383 419
440 224
145 496
344 152
162 29
200 18
171 315
55 187
493 60
188 281
129 127
363 147
320 321
500 452
320 5
171 110
170 154
160 242
130 307
335 359
122 318
59 487
455 486
200 62
482 377
481 325
118 373
212 367
488 450
356 167
311 379
260 201
63 244
408 238
361 500
410 316
69 16
498 180
314 13
278 100
345 400
491 404
494 17
27 496
301 484
415 394
391 116
408 168
280 289
281 434
66 175
473 308
168 192
83 390
374 282
395 486
375 115
101 397
171 321
330 216
391 72
113 177
73 84
71 347
444 299
461 184
442 155
100 216
382 487
425 66
252 40
65 262
288 253
53 459
108 194
302 179
284 170
328 125
93 413
209 347
117 212
493 255
86 265
491 302
447 107
169 438
439 351
396 224
196 416
248 129
123 289
313 214
98 467
230 324
404 377
256 257
241 140
159 259
325 56
98 375
59 260
74 436
269 471
111 173
88 428
236 204
185 341
143 351
376 484
266 343
323 112
292 33
451 102
313 134
127 240
497 339
15 13
448 254
118 9
392 489
287 400
415 432
241 134
34 279
353 29
478 394
91 472
126 140
161 286
235 393
39 395
432 298
265 233
36 484
17 28
59 23
491 13
495 336
436 201
348 43
185 479
339 279
373 27
231 399
199 323
150 384
480 189
351 374
365 307
349 453
156 146
5 411
241 389
192 64
248 330
29 361
150 59
458 284
368 496
428 78
382 311
49 46
455 213
444 306
187 46
89 393
16 324
160 148
321 185
255 310
440 416
410 53
346 321
213 124
221 1
160 132
394 114
10 179
190 339
199 135
392 165
350 426
116 26
184 166
113 284
486 292
306 96
367 222
118 11
174 115
105 223
413 395
494 291
401 331
325 193
50 473
10 8
284 371
104 277
500 423
272 179
477 388
295 475
170 56
146 340
322 379
179 131
146 426
75 13
473 378
421 342
468 437
251 175
248 102
450 218
447 98
337 219
265 146
115 441
470 462
486 358
238 298
236 318
285 19
131 362
51 126
70 500
290 477
50 190
335 336
226 238
214 327
477 194
148 262
367 161
340 88
328 83
152 50
182 436
281 245
409 199
261 93
387 75
68 415
320 424
366 434
30 249
367 131
225 321
424 399
178 77
79 61
352 289
65 358
357 326
363 376
240 299
189 111
381 293
487 260
378 252
311 82
189 125
142 101
192 111
85 309
241 483
275 235
405 34
130 106
170 178
97 89
476 381
451 412
293 280
58 361
107 464
234 363
101 198
299 408
392 394
76 169
107 225
300 288
49 204
306 11
363 467
267 499
48 496
415 377
212 338
204 73
237 322
383 303
139 71
141 158
175 395
166 235
227 92
139 438
85 410
55 180
205 40
458 276
419 254
74 196
76 148
104 214
77 224
310 344
100 458
432 84
43 340
148 88
34 350
386 273
252 328
205 458
478 323
59 390
42 265
257 439
32 376
24 123
432 303
329 177
234 166
266 411
309 353
364 345
376 173
1 131
375 68
468 153
108 422
40 203
445 499
254 239
21 180
135 130
407 237
156 307
476 308
388 286
123 218
422 70
128 237
29 297
266 126
29 392
213 184
63 188
443 364
100 89
170 252
223 283
147 160
151 358
174 14
476 171
409 177
99 54
294 217
132 236
70 479
169 436
317 61
477 265
484 52
290 391
465 249
461 362
285 394
256 362
319 236
108 479
205 483
298 346
76 110
169 146
235 117
89 273
67 272
111 460
57 106
104 399
14 209
275 298
345 60
338 141
416 91
66 459
232 147
422 331
198 50
16 424
444 435
477 246
63 362
237 446
43 499
86 470
415 29
434 453
8 116
49 223
214 323
362 19
276 62
458 321
302 131
467 356
235 370
469 352
473 379
475 254
263 391
73 446
239 80
86 195
330 159
186 44
11 423
365 45
420 290
382 326
407 192
191 407
347 315
78 32
305 155
199 41
495 36
196 179
124 405
119 327
482 356
334 111
406 467
319 24
22 284
117 174
293 112
332 431
358 41
204 204
287 173
437 492
330 255
101 233
297 85
96 25
248 487
264 397
104 304
3 374
247 313
293 319
151 94
264 320
450 198
74 203
107 395
423 93
395 448
2 82
399 199
364 486
180 368
174 180
104 361
267 70
251 483
242 404
22 58
127 128
333 346
32 413
365 189
133 355
302 249
253 380
483 89
244 195
429 96
476 72
153 68
121 214
164 236
106 120
32 355
28 269
163 54
221 421
337 282
149 475
482 371
57 77
457 199
396 41
78 51
120 207
200 452
375 439
125 375
400 206
240 64
130 145
242 279
108 482
387 168
334 115
395 422
127 237
263 382
310 446
366 128
223 456
296 384
381 186
445 485
167 478
487 45
151 454
28 86
432 314
10 343
432 199
455 174
428 384
284 89
12 295
408 151
174 16
275 207
26 454
476 490
471 282
294 176
372 106
151 450
477 267
463 476
439 439
491 134
237 8
52 172
255 307
82 119
415 325
230 152
189 499
48 264
380 217
89 442
44 256
235 464
378 487
161 247
175 448
80 41
358 434
430 127
192 431
84 167
99 40
119 165
399 282
318 282
455 93
454 129
190 169
256 329
462 424
477 243
370 121
140 458
343 301
143 180
322 439
183 396
66 464
251 208
90 215
133 315
229 72
372 326
3 51
431 269
264 434
250 220
113 183
249 288
443 473
352 22
442 230
451 64
487 226
481 134
137 469
395 370
318 114
456 428
311 428
249 472
34 410
373 171
352 373
411 327
155 391
11 313
368 31
311 250
306 380
193 66
367 104
122 294
289 319
55 407
50 146
426 388
264 438
191 196
191 336
331 331
97 406
174 201
258 406
107 104
464 384
230 187
295 303
167 218
262 22
281 276
184 217
213 406
244 486
411 189
151 498
321 322
295 311
31 64
369 280
316 497
450 213
494 71
260 208
390 211
288 226
255 296
203 110
109 401
98 44
404 169
96 426
347 441
406 378
339 205
428 419
17 497
185 305
394 416
92 123
43 258
393 138
462 395
369 101
483 99
220 217
173 323
83 352
260 258
493 31
159 359
196 313
167 412
215 106
42 189
455 125
448 15
361 336
69 400
241 418
272 350
339 145
25 93
137 136
431 250
416 433
248 464
448 99
339 110
165 460
240 473
198 180
72 225
56 123
191 151
209 280
2 402
288 14
319 226
298 461
98 396
261 488
384 383
15 412
89 270
480 486
263 3
104 474
130 384
152 433
241 191
178 163
429 279
433 420
108 144
20 155
418 6
393 118
32 316
467 367
7 164
103 325
253 346
412 435
432 143
133 97
302 347
252 221
412 90
178 228
447 286
122 324
103 130
285 374
275 490
121 116
236 476
125 199
171 216
45 493
342 72
433 167
184 54
382 391
237 494
124 303
109 136
449 135
418 286
88 162
445 80
189 419
36 238
271 150
413 265
489 399
166 213
5 340
119 191
52 192
437 483
323 380
163 37
290 140
455 270
20 389
461 212
224 439
95 42
42 38
74 265
330 221
331 345
364 123
359 250
157 412
177 55
465 205
210 324
8 80
222 487
464 353
239 334
360 407
418 116
34 32
208 131
288 257
145 1
226 410
224 347
306 54
472 304
174 237
43 313
219 371
185 220
365 468
385 488
82 288
493 125
326 462
366 444
82 176
249 100
349 111
35 283
324 435
60 351
419 124
378 349
494 467
330 11
481 479
337 444
152 298
103 5
222 339
325 236
43 388
131 352
250 40
61 95
99 477
261 210
156 12
85 72
453 313
354 123
420 158
27 355
233 429
224 165
393 91
53 12
199 179
388 340
264 423
109 324
410 160
109 142
280 162
438 152
398 441
4 193
88 364
3 23
212 185
262 1
132 266
287 493
317 496
96 438
241 218
284 189
388 217
488 119
60 229
440 475
219 414
201 142
203 102
191 479
285 18
61 189
486 408
317 276
416 417
151 446
156 4
307 220
191 240
366 193
198 197
379 218
411 424
245 213
2 269
358 148
31 339
169 424
237 116
373 486
347 264
498 269
228 276
324 410
494 310
325 261
281 33
89 216
406 288
295 479
296 21
398 190
331 42
167 92
311 43
214 110
132 144
177 497
118 146
212 357
54 72
484 341
82 127
319 473
255 232
307 157
131 330
236 461
216 193
300 67
422 54
378 249
189 105
350 177
195 447
4 311
44 397
405 152
21 328
50 27
104 342
221 278
434 401
415 392
69 301
247 341
315 283
52 61
317 93
271 364
176 444
370 101
220 165
261 227
424 26
258 388
498 34
91 427
275 426
460 364
472 335
392 195
95 174
248 83
453 425
184 122
61 227
71 467
99 329
116 107
159 116
132 92
91 190
136 114
357 403
123 378
25 333
474 237
407 491
85 125
56 433
87 286
456 101
431 350
426 423
475 308
248 1
134 155
423 71
249 389
453 299
43 282
446 475
76 95
26 194
496 477
485 363
391 253
275 133
108 419
364 34
50 313
340 260
361 500
232 157
197 357
353 13
355 493
77 27
385 355
223 187
459 402
472 390
289 323
298 188
103 313
444 483
269 487
419 218
406 113
432 244
468 201
347 261
261 479
360 151
474 244
232 488
315 174
491 40
61 29
114 163
94 373
84 487
388 77
245 427
225 217
38 386
414 408
139 139
244 449
91 353
55 209
169 226
340 465
45 79
100 421
354 75
500 239
339 158
51 413
108 389
65 66
383 138
79 203
209 349
272 14
418 24
310 95
238 122
257 233
470 364
294 51
63 237
247 467
456 471
134 101
342 355
319 302
342 227
65 150
235 410
335 296
183 228
26 43
401 64
395 440
59 339
315 267
57 249
55 164
94 471
84 284
17 84
232 293
54 290
410 42
164 317
228 6
415 429
40 392
274 288
269 436
97 44
270 255
344 179
468 398
334 135
496 171
249 371
192 410
48 249
308 14
439 116
230 495
367 318
328 94
336 484
272 455
174 236
18 474
290 123
365 379
71 226
317 257
192 254
354 229
328 231
476 274
470 353
80 389
17 165
50 367
308 358
433 183
147 221
28 365
455 366
183 335
268 50
255 351
32 19
118 195
404 394
89 489
425 213
320 132
159 350
101 225
242 303
244 33
350 43
351 311
354 241
425 222
170 247
200 294
30 215
241 229
472 451
371 221
43 215
143 274
259 112
39 462
342 454
422 39
304 379
402 29
421 76
471 371
63 478
243 447
187 165
409 86
421 144
1 324
437 135
85 384
27 67
472 376
240 497
104 100
321 212
280 272
385 474
93 170
85 480
173 115
315 268
469 410
150 106
220 324
12 220
368 156
373 113
487 357
291 100
309 122
151 35
285 22
414 319
488 355
316 6
282 123
303 271
246 94
142 231
388 79
372 412
65 169
493 131
396 52
3 395
411 290
492 469
291 471
257 319
200 249
275 363
395 16
246 455
436 443
52 116
488 111
364 449
17 249
391 190
484 236
452 368
407 499
393 374
489 79
152 244
190 113
93 206
407 155
479 278
414 160
24 137
368 357
270 456
382 146
320 265
481 136
23 169
132 2
283 37
146 152
81 55
353 291
158 5
101 438
89 325
389 84
436 430
101 199
61 369
259 286
487 481
43 382
64 36
406 449
209 115
208 22
450 317
439 50
113 298
488 49
394 60
139 100
418 242
13 382
485 257
163 489
378 327
394 341
16 149
201 264
360 28
13 247
282 255
273 199
289 169
106 159
7 171
248 229
199 296
15 183
497 17
20 2
42 254
493 365
393 430
423 33
335 229
457 157
162 51
321 430
442 436
154 449
146 200
465 428
92 25
200 348
156 56
247 51
141 39
135 148
413 169
51 164
488 325
151 146
68 477
375 42
123 329
108 46
151 248
464 90
159 342
96 395
78 173
87 417
265 129
285 340
451 480
312 65
263 242
478 100
369 64
73 33
152 438
111 350
170 416
276 329
198 365
440 174
110 456
425 39
359 414
188 319
188 281
32 12
55 1
436 158
385 127
457 333
305 423
257 322
89 1
158 184
109 220
85 246
141 320
477 213
138 80
417 247
261 444
400 16
69 253
420 72
34 272
408 42
474 212
285 10
48 78
168 226
332 188
211 171
285 99
420 110
18 420
150 9
23 23
93 47
49 124
64 123
282 54
420 246
310 21
182 2
396 402
281 243
137 426
253 74
373 12
21 61
343 409
63 308
132 268
420 295
118 181
166 234
145 341
158 482
191 480
126 493
316 320
404 442
42 482
397 285
264 363
472 461
145 376
92 226
247 8
424 148
459 247
287 125
423 354
426 223
41 135
435 385
70 88
364 76
262 292
336 150
54 77
346 37
133 166
123 317
453 122
2 159
232 100
213 65
179 368
70 22
254 165
251 62
245 143
104 211
118 259
9 136
80 80
355 51
397 128
92 129
217 276
33 28
394 187
161 226
277 313
328 422
437 445
312 230
411 305
129 14
308 272
107 308
199 321
142 269
80 460
283 11
59 249
11 100
150 104
71 359
317 415
174 405
498 349
432 449
217 243
362 384
339 366
336 209
279 84
364 185
293 215
168 471
1 104
57 141
456 448
229 235
337 147
292 138
2 136
101 391
45 48
289 329
102 34
434 329
106 412
75 306
111 147
140 235
215 421
372 423
418 41
39 136
315 495
412 133
98 62
44 140
276 170
319 66
69 353
3 227
348 453
408 162
386 381
195 307
375 463
468 485
420 161
204 411
491 59
309 262
169 127
135 294
173 97
74 304
11 228
278 26
409 371
126 154
357 445
123 402
268 409
126 411
214 408
189 112
497 469
260 344
265 205
129 240
408 211
183 324
498 477
460 259
195 21
117 42
150 90
204 75
233 281
30 466
143 360
100 376
157 294
167 374
247 414
36 189
235 452
272 238
94 96
48 296
423 465
286 422
283 282
141 433
429 358
132 252
390 294
240 229
390 337
196 95
404 415
124 189
319 55
8 477
107 375
230 435
219 294
333 68
400 383
194 497
277 470
128 364
376 417
54 51
434 461
127 123
37 83
176 98
483 105
308 111
158 20
232 208
394 181
444 259
192 239
163 445
205 241
465 227
253 210
486 325
84 136
274 407
83 166
160 405
315 155
297 96
159 309
86 67
237 484
320 247
250 490
367 488
324 337
495 236
170 426
41 477
237 283
133 467
374 325
29 336
145 370
219 459
69 220
353 351
117 81
41 51
177 92
378 32
383 177
242 289
353 415
88 240
382 362
478 60
59 367
331 493
43 396
66 332
28 452
433 89
324 29
472 462
372 175
142 458
299 106
436 343
119 331
200 5
224 200
140 468
431 477
426 22
442 76
245 285
313 479
37 445
392 326
118 373
319 186
332 397
419 137
232 358
451 250
364 72
382 76
127 307
241 11
231 261
223 36
336 132
148 139
203 59
86 40
353 141
413 198
395 24
59 350
307 332
290 74
243 497
196 252
16 378
341 198
273 397
490 412
426 144
470 162
15 149
238 451
25 141
155 19
384 231
241 435
273 292
287 191
246 452
10 21
142 86
33 123
438 303
355 282
227 261
62 280
255 344
338 83
23 213
91 84
493 424
247 227
365 42
417 499
75 338
195 283
162 239
288 423
192 342
135 476
355 36
295 481
482 289
76 487
309 218
468 357
128 169
132 259
286 209
406 356
364 346
429 474
410 468
368 178
257 206
31 355
116 359
94 271
253 343
427 105
432 312
496 346
395 146
352 472
495 264
353 256
196 92
115 335
233 160
77 326
217 201
84 344
352 411
77 235
113 113
207 355
82 346
387 408
337 350
472 47
400 414
308 358
270 60
338 146
53 239
97 89
341 25
484 491
485 498
90 147
372 96
409 405
286 497
378 392
311 63
181 38
195 76
75 111
440 186
103 203
129 17
469 89
273 368
447 31
352 60
228 158
486 107
21 165
100 72
195 81
212 303
87 74
60 424
116 141
295 152
85 278
139 100
8 234
357 275
498 29
14 48
68 184
144 36
189 76
407 401
458 423
28 287
386 67
465 67
498 373
7 10
166 306
189 109
127 250
424 100
38 235
104 8
411 445
286 252
73 127
21 491
328 139
396 372
158 208
155 261
379 300
424 215
214 114
105 236
405 296
165 183
38 294
76 172
438 254
182 197
458 215
480 300
476 193
76 336
415 326
369 136
404 340
303 282
84 190
478 340
121 167
371 221
249 149
234 405
13 361
376 491
63 491
194 379
373 401
40 422
359 294
75 490
260 248
292 315
120 390
402 470
222 422
89 454
215 156
490 87
308 159
108 80
206 325
194 33
170 294
200 118
360 41
23 316
497 282
407 257
317 372
250 373
319 135
500 212
412 56
315 183
215 72
229 42
480 466
246 58
309 123
482 123
259 428
302 325
460 371
193 207
298 267
330 19
171 4
489 360
408 297
120 200
466 16
128 107
152 288
162 180
241 490
364 271
122 397
419 340
416 96
161 75
361 377
280 72
419 221
4 328
256 312
170 203
141 356
296 181
245 492
261 424
37 339
72 100
165 461
465 354
404 194
448 64
479 324
27 241
58 294
311 403
325 45
70 161
322 296
40 317
185 250
277 431
220 460
366 249
241 97
374 449
304 146
82 494
397 482
483 438
180 241
257 91
473 351
360 185
323 260
80 47
351 310
450 316
188 476
287 494
38 472
497 370
324 3
383 22
260 47
48 337
180 420
409 119
295 92
7 275
281 187
145 196
209 466
302 92
196 408
148 180
344 312
158 294
456 412
378 90
478 372
439 161
360 25
18 30
181 380
422 82
124 272
150 306
467 153
250 457
231 16
170 419
179 266
378 202
423 137
217 198
349 419
125 187
118 177
287 70
386 160
219 482
487 185
178 38
107 84
244 489
36 284
391 330
131 114
475 237
248 319
486 448
314 312
82 244
338 52
160 139
387 257
227 327
139 86
241 89
197 421
414 312
493 486
299 269
66 394
444 60
23 493
297 82
220 405
342 202
137 186
72 186
403 257
1 68
99 208
320 8
98 348
212 218
18 252
109 56
304 436
133 380
139 117
465 144
419 274
105 211
480 437
281 339
180 105
262 140
86 357
86 23
162 133
128 22
72 478
458 482
165 491
110 491
121 462
387 191
476 33
125 167
213 91
381 219
204 197
212 233
23 454
439 185
456 449
209 370
35 162
45 221
449 50
235 164
137 438
73 286
206 102
90 438
448 273
51 487
120 126
464 148
271 109
19 250
7 369
370 213
469 26
45 123
230 13
239 394
7 92
224 359
379 374
78 482
115 133
31 289
233 263
293 106
233 245
74 304
96 230
256 439
219 232
345 474
391 479
253 9
53 217
459 86
286 199
438 77
81 322
270 326
413 414
455 122
216 473
38 443
22 428
21 190
175 74
200 298
487 279
42 86
317 279
27 330
405 427
400 112
71 385
289 271
290 73
214 449
86 22
63 443
29 339
177 28
212 367
464 262
457 494
437 367
453 118
476 17
288 328
100 402
299 479
400 431
389 441
56 98
113 100
454 102
248 298
71 25
281 317
109 290
411 384
298 437
51 29
149 222
225 321
86 98
418 367
282 355
427 500
239 371
40 93
382 468
44 286
157 485
336 471
376 331
344 286
499 331
293 208
460 3
171 251
168 89
379 293
47 166
435 129
251 364
235 366
238 399
397 416
87 456
111 134
75 409
196 314
373 107
269 399
22 361
13 306
405 208
324 122
223 22
339 440
133 385
30 344
481 365
287 422
298 191
352 261
4 154
43 410
412 179
323 57
322 289
402 233
226 215
390 175
399 391
447 472
343 445
454 289
403 427
10 490
261 460
192 327
55 118
495 47
390 303
371 279
77 36
71 487
129 219
75 438
82 387
49 286
444 1
329 149
24 354
66 142
375 7
287 303
318 381
395 435
487 254
481 366
142 430
274 85
328 199
236 268
47 499
408 170
35 167
225 496
432 400
413 498
153 56
30 292
242 353
329 287
470 219
255 495
173 214
454 224
380 131
95 74
12 452
25 245
253 377
371 38
307 139
391 428
356 221
380 96
413 81
476 460
424 69
357 316
252 141
159 108
201 340
354 444
116 91
369 123
360 103
338 211
96 367
340 302
373 358
379 147
402 358
258 204
433 66
1 338
434 112
67 145
54 74
371 131
284 27
217 32
104 366
18 109
153 150
26 257
179 67
320 282
309 151
376 181
43 467
149 123
100 227
252 227
368 6
470 492
147 5
103 179
378 258
440 188
496 195
96 277
343 42
188 456
199 163
9 275
446 309
490 125
266 326
56 378
235 458
112 13
120 271
474 414
128 14
386 389
367 223
72 459
308 21
92 370
137 56
44 496
303 457
402 79
419 186
444 108
455 467
50 90
383 93
172 379
178 465
383 65
264 23
357 210
370 283
329 66
465 328
297 50
435 99
314 343
211 325
365 76
349 104
79 39
51 75
348 41
245 390
477 304
302 500
272 299
468 238
335 122
336 97
213 59
295 50
156 144
458 498
69 89
392 192
441 377
284 124
34 87
228 240
372 399
27 362
25 151
388 390
27 208
141 291
397 304
197 306
432 346
246 277
62 361
428 53
68 132
337 310
215 343
377 490
429 395
307 451
344 478
143 277
236 183
205 341
179 306
342 170
276 168
225 66
34 357
133 258
263 80
456 25
292 447
17 385
179 92
415 297
113 408
46 150
475 194
218 126
159 466
433 1
174 462
46 376
465 332
94 382
473 404
95 443
6 423
20 336
424 500
438 239
27 1
320 363
293 382
445 478
301 381
86 143
133 234
226 362
9 493
238 467
312 277
326 222
25 497
25 244
301 270
258 431
103 408
39 109
464 242
4 151
390 466
139 200
68 236
409 146
310 371
320 191
434 56
2 448
209 394
83 45
129 197
214 123
184 460
461 39
84 150
59 82
497 116
92 258
331 238
500 344
214 181
326 138
265 23
56 468
479 457
92 352
142 54
87 463
468 231
489 273
153 230
31 336
306 42
61 63
2 65
153 207
123 440
487 299
474 189
219 390
377 100
442 156
229 179
409 341
489 111
55 43
267 356
121 393
428 86
141 65
496 66
213 307
243 407
224 207
436 348
149 71
450 453
361 358
366 484
267 49
471 264
392 389
294 121
167 59
214 247
318 489
363 178
38 314
11 461
202 429
97 306
355 326
294 196
227 102
265 272
281 434
111 399
478 65
434 368
97 314
301 279
91 206
61 127
137 215
468 333
302 233
82 366
51 28
26 433
371 212
55 404
327 196
80 381
61 205
294 91
241 202
113 53
216 448
252 289
319 387
315 148
488 281
307 261
310 102
432 291
476 50
401 71
165 335
38 227
471 59
135 60
292 338
129 426
391 206
211 484
144 403
441 165
487 76
74 105
43 28
235 56
97 266
480 191
140 169
150 127
332 10
249 86
123 227
475 27
98 158
174 16
483 197
225 401
316 405
310 116
296 345
152 471
443 380
459 216
195 81
166 40
245 90
454 483
201 243
108 49
127 21
213 60
22 196
75 179
53 485
103 394
436 242
51 321
75 106
466 376
52 136
273 277
49 470
253 447
97 474
349 91
350 72
366 357
13 66
163 81
130 352
44 154
142 252
299 263
26 334
207 205
90 415
292 415
328 467
97 57
95 115
131 178
491 26
121 45
14 379
118 250
207 293
188 377
111 99
428 380
422 308
10 327
414 456
310 23
396 429
420 107
416 68
147 88
315 115
12 175
33 258
475 331
447 280
378 148
345 80
321 118
439 171
349 278
490 280
473 87
340 192
315 207
182 124
457 214
430 143
479 313
217 142
380 195
436 223
97 38
385 215
37 300
468 358
309 352
303 54
269 298
318 393
445 148
226 178
277 69
351 159
443 453
178 473
30 412
86 374
46 282
478 402
456 148
107 261
67 391
177 93
472 44
154 126
14 28
149 299
323 405
464 124
140 386
55 165
458 457
7 419
356 10
423 137
418 70
342 123
376 366
234 419
492 136
20 51
163 107
38 38
465 201
92 340
466 203
232 118
267 25
190 32
214 341
326 443
134 113
64 448
9 416
478 424
241 85
302 199
311 250
298 43
266 470
32 367
147 130
219 446
444 26
298 106
301 375
246 1
491 246
328 373
139 40
289 257
435 171
403 77
210 139
381 124
495 122
168 426
149 129
366 415
345 479
195 266
316 423
287 3
238 449
100 481
69 394
301 107
19 34
30 399
266 381
331 171
111 274
21 273
87 50
160 71
311 269
398 418
408 278
450 277
256 268
239 10
240 410
116 452
482 402
200 218
143 331
237 16
59 223
446 469
61 107
20 210
184 68
232 46
304 217
356 275
494 129
423 95
255 146
289 496
303 333
485 145
8 457
290 230
121 204
464 55
266 195
357 114
240 491
262 32
13 282
204 339
5 252
357 147
215 232
439 114
294 193
99 244
273 67
213 159
415 272
406 204
11 497
35 79
265 267
288 374
253 24
435 127
437 27
283 176
262 106
293 151
35 366
419 316
326 287
258 209
395 232
215 391
407 71
420 104
42 11
222 292
135 188
266 261
233 367
266 357
123 479
466 107
342 468
320 219
444 435
24 331
385 451
469 496
461 129
7 16
175 137
378 470
155 276
309 418
352 361
357 287
388 258
211 236
131 179
191 105
301 373
405 230
119 189
487 137
401 432
375 452
58 79
249 85
393 110
68 122
154 391
255 495
191 10
4 163
210 435
314 46
202 287
354 310
485 132
73 214
354 487
276 373
29 244
99 45
321 352
470 8
264 78
451 229
261 355
268 134
270 340
363 335
352 83
323 92
283 450
135 467
445 35
385 158
482 295
218 41
496 85
359 312
57 418
365 403
449 494
455 387
427 215
283 371
123 302
209 399
268 321
96 33
292 486
500 335
421 145
330 299
368 416
145 174
492 300
305 189
493 261
462 232
173 242
180 239
232 264
425 432
248 134
22 365
51 228
333 246
13 398
330 492
238 294
367 133
300 69
337 412
39 30
278 288
210 233
275 444
408 381
84 173
464 181
458 179
101 94
115 353
471 40
81 200
468 495
32 297
206 251
125 356
36 211
489 433
356 62
385 277
14 338
243 249
201 85
404 447
45 414
349 391
219 220
359 67
140 103
340 322
468 439
253 251
359 28
206 8
299 210
121 109
292 21
45 54
316 398
496 265
306 29
301 72
153 202
169 5
298 322
360 342
345 421
124 40
372 269
100 486
390 266
252 97
365 358
261 31
108 478
418 373
477 136
47 348
36 43
7 208
234 197
276 351
270 105
59 435
429 118
240 144
473 75
87 446
355 449
254 167
82 115
47 270
384 221
5 208
497 467
305 301
491 320
56 328
347 78
153 44
16 486
282 267
165 282
382 245
388 242
95 56
318 70
455 2
417 430
424 54
443 264
45 110
79 265
213 304
270 408
495 93
287 32
170 23
109 450
417 288
199 312
448 205
162 449
241 66
36 415
147 200
426 32
127 499
357 260
398 240
186 55
243 372
423 5
297 393
141 470
17 337
243 419
119 256
275 386
198 127
53 151
53 260
277 234
379 329
446 178
135 236
492 260
23 296
304 227
126 226
433 62
346 138
145 435
308 46
288 87
106 319
79 168
15 303
40 271
228 8
333 392
337 50
243 325
445 324
302 47
190 456
234 286
445 104
340 464
306 386
338 218
322 367
207 139
363 184
195 491
201 364
111 280
7 50
117 216
247 408
475 466
176 311
32 240
481 127
169 357
22 454
444 269
140 229
123 28
45 135
480 471
468 335
449 10
286 482
193 403
53 256
66 321
279 219
456 322
462 54
79 32
488 300
319 51
356 190