59
61
48
68
56
4
49
37
92
69
1
41
82
29
10
96
14
33
71
92
56
83
45
77
21
15
43
8
29
57
59
16
53
5
82
81
32
11
31
10
2
3
59
16
11
46
23
60
1
56
58
95
75
71
49
76
1
95
49
57
55
70
88
43
94
7
83
41
72
95
99
7
64
71
42
32
66
43
37
89
59
55
29
94
63
19
99
18
62
83
20
37
84
51
65
41
18
71
49
47
20
36
49
36
8
40
44
76
87
57
17
10
97
86
31
76
38
26
50
61
66
48
73
66
57
92
16
63
32
2
58
15
49
1
63
82
39
50
45
39
10
25
74
21
89
22
69
89
32
99
12
81
95
92
45
89
61
20
24
83
98
94
2
50
93
60
66
36
72
56
25
88
81
65
14
75
87
55
92
32
60
74
72
38
73
62
85
86
66
83
20
74
26
19
15
47
13
95
61
71
31
34
83
35
82
69
84
16
46
30
22
30
91
96
14
85
13
2
84
13
65
57
53
64
41
29
69
26
56
39
96
44
47
43
31
79
66
39
56
63
44
82
48
48
49
69
77
76
98
58
22
68
52
76
27
20
71
47
71
11
10
86
22
42
90
96
64
70
64
79
34
33
37
29
49
78
33
81
72
67
3
97
23
38
36
36
46
34
40
34
41
33
83
28
64
76
23
6
46
81
58
98
4
44
86
88
35
80
61
8
6
11
61
14
98
10
77
86
31
61
76
70
75
15
71
44
39
17
55
55
13
64
19
45
64
68
94
80
27
82
37
46
21
66
76
90
88
10
76
16
4
58
81
79
50
19
89
94
50
50
82
75
63
49
48
94
56
65
53
11
83
26
69
51
97
90
42
68
89
11
17
15
12
15
25
70
52
59
50
27
85
14
84
67
73
11
36
91
4
91
58
18
96
93
97
3
14
73
97
59
73
79
45
43
19
86
46
15
32
39
35
48
7
66
9
48
60
35
24
13
79
20
69
63
96
65
86
8
14
85
52
2
82
63
71
76
60
6
54
85
40
77
9
50
37
6
15
3
3
85
13
80
23
29
46
19
20
71
14
82
20
22
42
61
8
20
47
12
94
64
50
44
37
91
3
44
15
90
72
41
95
25
63
84
51
30
71
29
98
35
20
82
4
85
11
98
96
78
36
21
14
54
99
46
37
62
3
61
99
24
86
17
15
98
25
15
96
28
85
17
4
65
26
85
99
9
97
93
53
34
21
44
69
59
8
13
96
8
4
63
72
29
79
72
53
27
70
84
75
36
44
77
31
54
47
86
41
73
29
34
90
25
75
68
79
94
66
68
94
53
26
34
52
29
84
31
95
91
14
72
81
19
98
80
36
85
66
43
55
30
84
11
31
6
53
20
52
27
9
96
94
54
41
59
23
60
79
97
62
29
50
7
75
64
24
76
89
92
40
90
15
70
31
58
30
70
46
39
49
16
32
53
21
19
52
45
7
32
31
46
36
88
31
4
53
60
73
94
25
37
33
33
11
49
42
64
66
72
75
14
22
11
47
23
91
73
96
74
32
8
13
18
78
38
42
61
56
91
79
95
4
13
51
87
10
45
32
14
85
12
32
29
28
82
2
92
77
74
9
70
36
29
81
48
86
17
16
28
73
76
8
39
87
29
32
96
66
39
21
33
33
30
97
95
8
67
89
8
2
45
15
18
37
60
53
27
12
70
24
65
13
83
76
27
80
62
2
66
82
62
87
80
53
50
87
30
78
54
40
80
38
61
77
17
60
36
71
74
46
32
31
48
58
22
80
14
56
78
44
22
86
82
69
93
14
78
35
1
87
80
49
25
34
96
24
15
64
39
26
8
40
93
79
73
13
91
83
98
76
55
84
2
30
96
66
24
78
99
28
42
41
73
98
6
21
8
88
74
30
86
19
78
17
93
54
73
48
94
12
86
5
88
61
59
71
12
11
9
66
8
26
74
22
82
87
15
35
19
64
60
75
69
10
5
74
74
31
2
3
88
84
46
31
49
67
31
1
56
31
17
35
77
89
86
80
20
2
61
39
7
3
86
36
16
55
66
67
56
63
22
95
47
63
61
29
73
77
68
91
98
50
53
22
2
27
6
13
83
28
18
38
74
33
66
76
97
35
28
14
90
77
6
82
81
49
43
52
31
1
7
60
61
46
99
91
63
26
58
15
80
15
20
76
39
43
63
68
12
64
67
99
54
31
25
35
3
12
99
15
39
63
20
67
35
32
87
28
89
49
67
6
31
20
30
85
86
64
95
70
43
