92
65
35
47
92
40
30
3
49
60
76
17
20
35
20
74
20
40
96
53
31
88
85
69
32
6
63
28
43
19
84
93
18
91
4
57
66
89
35
48
14
31
99
70
69
40
57
55
36
67
62
77
88
48
86
42
75
28
20
88
39
11
31
21
68
25
19
11
97
41
13
74
73
20
29
89
63
78
58
7
76
29
87
93
43
28
78
30
81
19
99
89
58
22
48
86
80
73
42
67
79
18
54
58
57
75
53
19
16
79
11
6
6
70
82
24
81
63
48
89
43
10
84
49
53
27
78
16
67
71
27
43
74
21
22
58
34
17
39
6
14
30
40
91
29
87
30
20
89
95
95
36
85
27
33
72
29
83
67
21
91
78
19
78
1
7
47
70
48
32
68
43
30
5
8
60
5
16
24
25
40
24
12
66
94
36
64
91
38
53
62
37
60
14
54
62
82
39
23
24
14
86
79
93
31
18
37
59
14
40
43
88
73
93
28
20
29
42
18
6
70
67
15
83
18
92
16
70
26
12
39
35
49
36
23
5
34
67
14
22
40
78
40
38
96
38
93
82
91
72
32
44
11
48
29
31
81
40
73
20
50
6
26
7
4
7
44
28
99
91
54
56
22
20
9
51
85
13
66
51
40
1
55
82
31
28
72
95
73
52
17
8
48
56
2
43
64
24
11
69
47
98
19
33
39
23
80
55
11
9
8
51
82
93
15
26
29
12
94
64
86
72
34
61
8
95
43
36
40
25
17
89
3
78
30
20
45
95
95
16
8
25
49
94
60
8
86
43
83
77
70
47
85
74
52
95
91
97
70
56
94
64
86
5
25
93
34
66
95
85
49
46
84
5
18
17
42
38
26
91
83
95
87
20
67
18
74
52
45
66
10
66
70
32
18
91
73
82
40
59
50
58
59
92
69
96
60
39
40
6
31
68
80
78
17
36
40
1
39
37
84
49
57
49
46
48
90
24
85
44
54
96
81
15
17
71
67
5
28
57
76
81
40
74
35
10
66
38
24
2
82
43
69
56
18
19
70
54
49
46
69
16
76
33
97
64
53
84
61
20
71
66
7
35
88
57
75
5
12
15
36
30
41
8
3
50
53
8
13
30
82
36
7
52
63
32
4
29
51
64
21
23
7
41
74
20
42
48
35
72
18
16
24
8
6
19
27
69
69
57
75
49
5
31
6
3
11
27
86
59
27
8
86
78
89
41
43
34
14
93
94
33
92
11
81
11
14
73
65
34
3
82
88
94
12
95
23
35
37
41
24
50
51
40
30
91
63
37
29
74
5
56
34
71
93
94
22
14
48
31
73
88
84
40
70
53
89
46
84
21
39
87
77
55
88
32
46
32
27
11
71
41
97
77
30
81
89
79
43
51
55
65
90
8
25
44
1
57
38
29
72
47
85
78
58
28
43
11
48
98
50
14
16
3
23
83
49
42
68
21
16
81
76
11
24
58
33
12
39
46
18
16
89
64
48
58
23
25
34
72
77
85
55
71
34
47
14
73
84
12
13
47
54
98
8
77
64
71
9
65
32
44
56
36
88
76
17
14
32
35
47
48
70
58
74
12
68
12
51
52
70
5
43
6
63
61
54
38
92
5
35
79
18
90
49
70
58
65
92
82
19
10
54
91
79
92
51
29
84
82
41
72
79
83
52
63
46
92
23
74
78
23
13
46
17
49
58
92
18
29
80
17
10
14
50
32
30
15
42
44
43
55
28
18
78
28
8
1
40
99
74
38
72
75
7
30
40
42
86
56
46
12
76
49
57
21
71
56
8
94
90
1
53
69
75
28
19
38
87
80
9
81
96
92
69
18
25
27
53
65
71
54
84
49
71
46
58
14
44
79
28
9
18
63
59
95
47
11
57
75
36
18
13
58
97
93
17
23
59
24
7
50
53
60
75
44
17
76
71
14
29
9
83
31
28
83
41
30
5
93
64
91
94
39
40
31
5
78
84
22
14
54
60
46
65
1
2
75
66
13
35
25
74
29
29
40
99
7
39
97
85
29
33
67
39
63
77
86
96
74
71
48
35
19
45
22
43
24
20
66
71
13
50
17
71
96
47
94
92
68
2
99
34
52
11
11
66
6
19
46
33
97
26
32
50
29
64
61
87
93
83
98
53
67
94
49
22
22
9
53
17
57
82
67
68
73
86
43
36
92
67
1
74
35
23
45
15
4
96
45
47
65
65
74
27
21
44
68
36
48
82
23
33
54
26
47
61
99
98
43
64
27
14
17
20
51
18
36
59
75
