91
31
51
52
65
71
53
6
77
19
76
62
85
75
22
77
99
6
62
32
18
83
15
85
16
8
4
34
54
1
80
92
99
96
17
47
47
56
53
38
11
58
24
3
23
15
48
66
36
39
94
65
29
66
53
5
23
35
40
79
97
32
44
11
60
75
42
46
70
2
93
60
89
20
85
88
44
25
42
56
72
37
52
71
75
72
54
10
12
91
83
98
27
19
22
92
62
88
19
20
93
48
2
54
27
75
41
88
75
24
27
53
43
25
47
77
8
18
80
1
29
1
32
27
88
38
96
19
38
61
34
5
65
43
2
35
65
12
27
68
73
62
21
32
76
70
34
15
87
20
98
41
19
64
17
72
45
82
66
43
3
68
94
3
41
69
80
95
50
18
72
18
62
81
42
24
8
28
48
50
21
90
45
90
85
78
85
53
85
75
71
2
31
91
52
59
53
57
41
43
1
17
87
83
3
2
96
98
76
44
83
19
23
38
95
10
88
84
73
4
25
20
11
61
21
54
5
68
18
76
14
43
22
88
86
19
9
35
3
74
38
8
42
73
69
75
33
33
22
59
34
93
99
80
28
57
17
69
7
17
30
31
93
23
56
23
21
6
99
82
64
83
41
20
48
87
3
15
37
2
52
15
86
6
48
57
9
80
53
57
19
57
99
3
83
27
13
13
74
54
92
16
40
47
51
17
79
12
72
99
40
98
5
71
94
37
8
12
94
87
30
72
20
33
5
27
39
48
77
88
67
58
13
23
6
30
81
13
76
86
57
31
96
59
93
9
76
94
93
82
46
9
91
23
82
52
60
59
70
30
11
33
90
76
20
96
5
99
15
82
73
71
56
10
61
1
5
92
34
49
74
66
71
49
81
42
52
32
5
88
11
40
16
24
37
21
36
25
31
54
37
8
84
18
52
16
16
87
73
6
75
96
94
76
1
38
44
29
69
9
6
27
19
61
61
52
85
16
10
16
73
57
6
9
14
58
2
18
34
72
11
70
30
67
23
40
49
98
63
32
70
27
92
35
81
39
20
19
41
87
25
19
36
13
38
24
68
55
37
54
91
93
19
27
27
69
76
88
18
40
21
1
70
29
54
27
71
60
70
48
97
37
95
81
62
97
89
97
43
36
