59
8
5
11
90
61
40
23
71
68
63
92
68
86
99
17
94
22
70
4
67
40
69
93
85
69
87
50
92
10
4
54
79
72
52
71
18
20
67
80
63
27
90
11
75
40
3
48
89
88
89
61
62
70
59
35
45
21
1
77
46
55
94
83
55
96
43
11
5
68
10
6
69
15
36
34
25
85
16
33
64
78
79
80
90
47
43
38
77
99
95
76
22
55
24
31
15
91
29
11
78
51
58
56
51
38
21
97
89
95
48
40
21
90
80
19
52
99
98
31
30
43
2
60
69
65
94
47
57
43
23
9
3
10
55
65
59
61
21
91
24
82
43
44
94
12
67
76
42
54
11
38
45
28
59
51
2
63
23
97
3
46
16
40
23
71
58
53
17
55
96
76
5
16
47
46
43
12
49
41
17
65
34
69
28
15
14
37
96
56
53
63
89
71
48
37
30
78
69
64
36
26
98
25
6
48
18
87
79
39
55
87
4
87
99
15
43
80
93
56
56
8
77
25
49
72
97
21
32
77
71
33
9
82
12
36
88
66
69
22
82
42
78
7
89
99
41
4
61
87
44
53
77
37
23
66
36
84
42
93
17
56
22
73
92
60
99
35
80
20
35
43
94
96
74
77
30
20
39
66
12
31
23
53
49
99
74
64
6
95
14
92
49
93
38
20
9
97
23
26
78
82
43
80
15
56
63
22
28
20
92
3
14
30
32
6
64
33
12
92
67
68
82
34
41
39
16
21
50
79
33
40
90
16
59
84
99
62
64
31
5
79
35
9
35
52
29
81
29
6
71
76
8
21
28
2
7
89
93
81
20
53
62
27
38
39
61
40
49
60
46
72
90
15
4
99
45
22
87
32
56
54
98
37
16
10
81
93
61
60
86
38
81
10
36
16
70
43
49
64
36
37
9
7
12
62
36
90
1
11
36
6
5
13
29
30
37
71
78
40
79
55
27
88
17
79
29
36
31
32
3
8
11
72
46
28
11
93
57
50
89
17
25
12
32
1
36
57
91
95
46
89
44
41
31
69
8
51
17
96
25
80
73
37
88
8
32
99
27
19
66
97
23
36
17
52
82
40
58
8
87
90
32
22
24
71
75
65
90
78
56
35
98
42
91
3
46
95
61
65
